0.000	0	0
0.000	0	0
2.100	0	0
3.576	0	0
5.175	0.1	0
6.649	0.1	0
8.170	0.1	0
9.622	0.1	0
11.090	0.1	0
12.515	0.1	0
13.938	0.1	0
15.336	0.2	0
16.718	0.2	0
18.089	0.2	0
19.433	0.2	0
20.777	0.2	0
22.087	0.2	0
23.397	0.2	0
24.681	0.3	0
25.956	0.3	0
27.218	0.3	0
28.461	0.3	0
29.700	0.3	0
30.913	0.3	0
32.121	0.3	0
33.315	0.4	0
34.493	0.4	0
35.666	0.4	0
36.819	0.4	0
37.964	0.4	0
39.099	0.4	0
40.218	0.4	0
41.330	0.5	0
42.429	0.5	0
43.516	0.5	0
44.597	0.5	0
45.663	0.5	0
46.719	0.5	0
47.770	0.5	0
48.805	0.6	0
49.832	0.6	0
50.854	0.6	0
51.860	0.6	0
52.860	0.6	0
53.853	0.6	0
54.833	0.6	0
55.806	0.6	0
56.772	0.7	0
57.728	0.7	0
58.674	0.7	0
59.615	0.7	0
60.547	0.7	0
61.470	0.7	0
62.386	0.7	0
63.296	0.7	0
64.195	0.8	0
65.088	0.8	0
65.974	0.8	0
66.854	0.8	0
67.724	0.8	0
68.589	0.8	0
69.448	0.8	0
70.298	0.9	0
71.141	0.9	0
71.979	0.9	0
72.811	0.9	0
73.635	0.9	0
74.453	0.9	0
75.265	0.9	0
76.072	0.9	0
76.871	1	0
77.665	1	0
78.453	1	0
79.236	1	0
80.012	1	0
80.782	1	0
81.547	1	0
82.307	1	0
83.062	1.1	0
83.810	1.1	0
84.553	1.1	0
85.292	1.1	0
86.026	1.1	0
86.754	1.1	0
87.476	1.1	0
88.194	1.1	0
88.908	1.1	0
89.617	1.2	0
90.320	1.2	0
91.018	1.2	0
91.712	1.2	0
92.402	1.2	0
93.087	1.2	0
93.768	1.2	0
94.443	1.2	0
95.115	1.3	0
95.782	1.3	0
96.445	1.3	0
97.104	1.3	0
97.759	1.3	0
98.409	1.3	0
99.055	1.3	0
99.697	1.3	0
100.335	1.3	0
100.970	1.4	0
101.600	1.4	0
102.226	1.4	0
102.849	1.4	0
103.467	1.4	0
104.082	1.4	0
104.694	1.4	0
105.302	1.4	0
105.906	1.5	0
106.506	1.5	0
107.103	1.5	0
107.696	1.5	0
108.286	1.5	0
108.873	1.5	0
109.456	1.5	0
110.036	1.5	0
110.612	1.5	0
111.185	1.6	0
111.754	1.6	0
112.321	1.6	0
112.884	1.6	0
113.444	1.6	0
114.001	1.6	0
114.555	1.6	0
115.106	1.6	0
115.654	1.6	0
116.198	1.7	0
116.740	1.7	0
117.279	1.7	0
117.814	1.7	0
118.347	1.7	0
118.877	1.7	0
119.405	1.7	0
119.929	1.7	0
120.451	1.7	0
120.970	1.8	0
121.486	1.8	0
121.999	1.8	0
122.509	1.8	0
123.017	1.8	0
123.522	1.8	0
124.025	1.8	0
124.525	1.8	0
125.023	1.8	0
125.518	1.8	0
126.010	1.9	0
126.500	1.9	0
126.988	1.9	0
127.473	1.9	0
127.955	1.9	0
128.435	1.9	0
128.913	1.9	0
129.388	1.9	0
129.861	1.9	0
130.331	2	0
130.799	2	0
131.265	2	0
131.729	2	0
132.190	2	0
132.649	2	0
133.106	2	0
133.561	2	0
134.014	2	0
134.464	2	0
134.912	2.1	0
135.358	2.1	0
135.802	2.1	0
136.244	2.1	0
136.684	2.1	0
137.122	2.1	0
137.557	2.1	0
137.991	2.1	0
138.422	2.1	0
138.852	2.1	0
139.279	2.2	0
139.705	2.2	0
140.128	2.2	0
140.550	2.2	0
140.969	2.2	0
141.387	2.2	0
141.803	2.2	0
142.217	2.2	0
142.629	2.2	0
143.039	2.2	0
143.448	2.3	0
143.854	2.3	0
144.259	2.3	0
144.662	2.3	0
145.063	2.3	0
145.462	2.3	0
145.860	2.3	0
146.256	2.3	0
146.650	2.3	0
147.042	2.3	0
147.433	2.4	0
147.821	2.4	0
148.209	2.4	0
148.594	2.4	0
148.978	2.4	0
149.360	2.4	0
149.741	2.4	0
150.120	2.4	0
150.497	2.4	0
150.873	2.4	0
151.247	2.5	0
151.619	2.5	0
151.990	2.5	0
152.359	2.5	0
152.727	2.5	0
153.093	2.5	0
153.458	2.5	0
153.821	2.5	0
154.182	2.5	0
154.542	2.5	0
154.901	2.5	0
155.258	2.6	0
155.613	2.6	0
155.967	2.6	0
156.320	2.6	0
156.671	2.6	0
157.021	2.6	0
157.369	2.6	0
157.716	2.6	0
158.062	2.6	0
158.406	2.6	0
158.748	2.7	0
159.090	2.7	0
159.429	2.7	0
159.768	2.7	0
160.105	2.7	0
160.441	2.7	0
160.775	2.7	0
161.108	2.7	0
161.440	2.7	0
161.770	2.7	0
162.099	2.7	0
162.427	2.8	0
162.753	2.8	0
163.079	2.8	0
163.402	2.8	0
163.725	2.8	0
164.046	2.8	0
164.367	2.8	0
164.685	2.8	0
165.003	2.8	0
165.319	2.8	0
165.634	2.8	0
165.948	2.9	0
166.261	2.9	0
166.572	2.9	0
166.882	2.9	0
167.191	2.9	0
167.499	2.9	0
167.806	2.9	0
168.111	2.9	0
168.415	2.9	0
168.718	2.9	0
169.020	3	0
169.321	3	0
169.621	3	0
169.919	3	0
170.216	3	0
170.512	3	0
170.807	3	0
171.101	3	0
171.394	3	0
171.686	3	0
171.977	3	0
172.266	3.1	0
172.555	3.1	0
172.842	3.1	0
173.128	3.1	0
173.413	3.1	0
173.697	3.1	0
173.980	3.1	0
174.262	3.1	0
174.543	3.1	0
174.823	3.1	0
175.102	3.1	0
175.380	3.1	0
175.657	3.2	0
175.932	3.2	0
176.207	3.2	0
176.480	3.2	0
176.753	3.2	0
177.025	3.2	0
177.296	3.2	0
177.565	3.2	0
177.834	3.2	0
178.102	3.2	0
178.368	3.2	0
178.634	3.3	0
178.899	3.3	0
179.163	3.3	0
179.425	3.3	0
179.687	3.3	0
179.948	3.3	0
180.208	3.3	0
180.467	3.3	0
180.725	3.3	0
180.982	3.3	0
181.239	3.3	0
181.494	3.4	0
181.748	3.4	0
182.002	3.4	0
182.254	3.4	0
182.506	3.4	0
182.756	3.4	0
183.006	3.4	0
183.255	3.4	0
183.503	3.4	0
183.750	3.4	0
183.997	3.4	0
184.242	3.4	0
184.486	3.5	0
184.730	3.5	0
184.973	3.5	0
185.215	3.5	0
185.456	3.5	0
185.696	3.5	0
185.935	3.5	0
186.173	3.5	0
186.411	3.5	0
186.647	3.5	0
186.883	3.5	0
187.119	3.6	0
187.353	3.6	0
187.586	3.6	0
187.818	3.6	0
188.050	3.6	0
188.281	3.6	0
188.511	3.6	0
188.741	3.6	0
188.969	3.6	0
189.196	3.6	0
189.423	3.6	0
189.649	3.6	0
189.875	3.7	0
190.099	3.7	0
190.323	3.7	0
190.545	3.7	0
190.767	3.7	0
190.989	3.7	0
191.209	3.7	0
191.429	3.7	0
191.648	3.7	0
191.866	3.7	0
192.084	3.7	0
192.300	3.7	0
192.516	3.8	0
192.731	3.8	0
192.946	3.8	0
193.159	3.8	0
193.372	3.8	0
193.584	3.8	0
193.796	3.8	0
194.006	3.8	0
194.216	3.8	0
194.425	3.8	0
194.634	3.8	0
194.842	3.8	0
195.049	3.9	0
195.255	3.9	0
195.460	3.9	0
195.665	3.9	0
195.869	3.9	0
196.073	3.9	0
196.275	3.9	0
196.477	3.9	0
196.679	3.9	0
196.879	3.9	0
197.079	3.9	0
197.278	3.9	0
197.477	3.9	0
197.674	4	0
197.871	4	0
198.068	4	0
198.264	4	0
198.459	4	0
198.653	4	0
198.847	4	0
199.040	4	0
199.232	4	0
199.424	4	0
199.615	4	0
199.805	4	0
199.994	4.1	0
200.183	4.1	0
200.372	4.1	0
200.559	4.1	0
200.746	4.1	0
200.933	4.1	0
201.119	4.1	0
201.304	4.1	0
201.488	4.1	0
201.672	4.1	0
201.855	4.1	0
202.037	4.1	0
202.219	4.1	0
202.400	4.2	0
202.581	4.2	0
202.761	4.2	0
202.940	4.2	0
203.119	4.2	0
203.297	4.2	0
203.474	4.2	0
203.651	4.2	0
203.827	4.2	0
204.003	4.2	0
204.178	4.2	0
204.352	4.2	0
204.526	4.3	0
204.699	4.3	0
204.871	4.3	0
205.043	4.3	0
205.215	4.3	0
205.385	4.3	0
205.555	4.3	0
205.725	4.3	0
205.894	4.3	0
206.062	4.3	0
206.230	4.3	0
206.397	4.3	0
206.563	4.3	0
206.729	4.4	0
206.895	4.4	0
207.059	4.4	0
207.223	4.4	0
207.387	4.4	0
207.550	4.4	0
207.713	4.4	0
207.874	4.4	0
208.036	4.4	0
208.196	4.4	0
208.357	4.4	0
208.516	4.4	0
208.675	4.4	0
208.833	4.5	0
208.991	4.5	0
209.149	4.5	0
209.305	4.5	0
209.462	4.5	0
209.617	4.5	0
209.772	4.5	0
209.927	4.5	0
210.081	4.5	0
210.234	4.5	0
210.387	4.5	0
210.539	4.5	0
210.691	4.5	0
210.842	4.6	0
210.993	4.6	0
211.143	4.6	0
211.293	4.6	0
211.442	4.6	0
211.590	4.6	0
211.738	4.6	0
211.886	4.6	0
212.032	4.6	0
212.179	4.6	0
212.325	4.6	0
212.470	4.6	0
212.615	4.6	0
212.759	4.7	0
212.903	4.7	0
213.046	4.7	0
213.189	4.7	0
213.331	4.7	0
213.472	4.7	0
213.613	4.7	0
213.754	4.7	0
213.894	4.7	0
214.034	4.7	0
214.173	4.7	0
214.311	4.7	0
214.449	4.7	0
214.587	4.7	0
214.724	4.8	0
214.860	4.8	0
214.996	4.8	0
215.132	4.8	0
215.267	4.8	0
215.401	4.8	0
215.535	4.8	0
215.669	4.8	0
215.802	4.8	0
215.934	4.8	0
216.066	4.8	0
216.198	4.8	0
216.329	4.8	0
216.459	4.9	0
216.589	4.9	0
216.719	4.9	0
216.848	4.9	0
216.976	4.9	0
217.104	4.9	0
217.232	4.9	0
217.359	4.9	0
217.486	4.9	0
217.612	4.9	0
217.737	4.9	0
217.863	4.9	0
217.987	4.9	0
218.112	4.9	0
218.235	5	0
218.359	5	0
218.481	5	0
218.604	5	0
218.725	5	0
218.847	5	0
218.968	5	0
219.088	5	0
219.208	5	0
219.328	5	0
219.447	5	0
219.565	5	0
219.683	5	0
219.801	5	0
219.918	5.1	0
220.035	5.1	0
220.151	5.1	0
220.267	5.1	0
220.382	5.1	0
220.497	5.1	0
220.612	5.1	0
220.726	5.1	0
220.839	5.1	0
220.952	5.1	0
221.065	5.1	0
221.177	5.1	0
221.289	5.1	0
221.400	5.1	0
221.511	5.2	0
221.621	5.2	0
221.731	5.2	0
221.841	5.2	0
221.950	5.2	0
222.058	5.2	0
222.167	5.2	0
222.274	5.2	0
222.381	5.2	0
222.488	5.2	0
222.595	5.2	0
222.701	5.2	0
222.806	5.2	0
222.911	5.2	0
223.016	5.3	0
223.120	5.3	0
223.224	5.3	0
223.327	5.3	0
223.430	5.3	0
223.533	5.3	0
223.635	5.3	0
223.736	5.3	0
223.838	5.3	0
223.938	5.3	0
224.039	5.3	0
224.139	5.3	0
224.238	5.3	0
224.337	5.3	0
224.436	5.4	0
224.534	5.4	0
224.632	5.4	0
224.729	5.4	0
224.826	5.4	0
224.923	5.4	0
225.019	5.4	0
225.115	5.4	0
225.210	5.4	0
225.305	5.4	0
225.399	5.4	0
225.493	5.4	0
225.587	5.4	0
225.680	5.4	0
225.773	5.5	0
225.865	5.5	0
225.957	5.5	0
226.049	5.5	0
226.140	5.5	0
226.231	5.5	0
226.321	5.5	0
226.411	5.5	0
226.501	5.5	0
226.590	5.5	0
226.678	5.5	0
226.767	5.5	0
226.855	5.5	0
226.942	5.5	0
227.029	5.5	0
227.116	5.6	0
227.202	5.6	0
227.288	5.6	0
227.374	5.6	0
227.459	5.6	0
227.544	5.6	0
227.628	5.6	0
227.712	5.6	0
227.795	5.6	0
227.878	5.6	0
227.961	5.6	0
228.044	5.6	0
228.126	5.6	0
228.207	5.6	0
228.288	5.7	0
228.369	5.7	0
228.449	5.7	0
228.529	5.7	0
228.609	5.7	0
228.688	5.7	0
228.767	5.7	0
228.846	5.7	0
228.924	5.7	0
229.001	5.7	0
229.079	5.7	0
229.155	5.7	0
229.232	5.7	0
229.308	5.7	0
229.384	5.7	0
229.459	5.8	0
229.534	5.8	0
229.609	5.8	0
229.683	5.8	0
229.757	5.8	0
229.830	5.8	0
229.903	5.8	0
229.976	5.8	0
230.048	5.8	0
230.120	5.8	0
230.192	5.8	0
230.263	5.8	0
230.334	5.8	0
230.405	5.8	0
230.475	5.8	0
230.544	5.9	0
230.614	5.9	0
230.683	5.9	0
230.751	5.9	0
230.819	5.9	0
230.887	5.9	0
230.955	5.9	0
231.022	5.9	0
231.089	5.9	0
231.155	5.9	0
231.221	5.9	0
231.287	5.9	0
231.352	5.9	0
231.417	5.9	0
231.481	5.9	0
231.546	6	0
231.609	6	0
231.673	6	0
231.736	6	0
231.799	6	0
231.861	6	0
231.923	6	0
231.985	6	0
232.046	6	0
232.107	6	0
232.167	6	0
232.228	6	0
232.287	6	0
232.347	6	0
232.406	6	0
232.465	6.1	0
232.523	6.1	0
232.581	6.1	0
232.639	6.1	0
232.696	6.1	0
232.753	6.1	0
232.810	6.1	0
232.866	6.1	0
232.922	6.1	0
232.978	6.1	0
233.033	6.1	0
233.088	6.1	0
233.142	6.1	0
233.196	6.1	0
233.250	6.1	0
233.304	6.1	0
233.357	6.2	0
233.410	6.2	0
233.462	6.2	0
233.514	6.2	0
233.566	6.2	0
233.617	6.2	0
233.668	6.2	0
233.719	6.2	0
233.769	6.2	0
233.819	6.2	0
233.869	6.2	0
233.918	6.2	0
233.967	6.2	0
234.016	6.2	0
234.064	6.2	0
234.112	6.3	0
234.160	6.3	0
234.207	6.3	0
234.254	6.3	0
234.300	6.3	0
234.346	6.3	0
234.392	6.3	0
234.438	6.3	0
234.483	6.3	0
234.528	6.3	0
234.572	6.3	0
234.617	6.3	0
234.661	6.3	0
234.704	6.3	0
234.747	6.3	0
234.790	6.3	0
234.833	6.4	0
234.875	6.4	0
234.916	6.4	0
234.958	6.4	0
234.999	6.4	0
235.040	6.4	0
235.081	6.4	0
235.121	6.4	0
235.160	6.4	0
235.200	6.4	0
235.239	6.4	0
235.278	6.4	0
235.317	6.4	0
235.355	6.4	0
235.392	6.4	0
235.430	6.4	0
235.467	6.5	0
235.504	6.5	0
235.541	6.5	0
235.577	6.5	0
235.613	6.5	0
235.648	6.5	0
235.683	6.5	0
235.718	6.5	0
235.753	6.5	0
235.787	6.5	0
235.821	6.5	0
235.854	6.5	0
235.888	6.5	0
235.921	6.5	0
235.953	6.5	0
235.986	6.5	0
236.017	6.6	0
236.049	6.6	0
236.080	6.6	0
236.111	6.6	0
236.142	6.6	0
236.172	6.6	0
236.202	6.6	0
236.232	6.6	0
236.261	6.6	0
236.291	6.6	0
236.319	6.6	0
236.348	6.6	0
236.376	6.6	0
236.403	6.6	0
236.431	6.6	0
236.458	6.6	0
236.485	6.7	0
236.511	6.7	0
236.538	6.7	0
236.563	6.7	0
236.589	6.7	0
236.614	6.7	0
236.639	6.7	0
236.664	6.7	0
236.688	6.7	0
236.712	6.7	0
236.736	6.7	0
236.759	6.7	0
236.782	6.7	0
236.805	6.7	0
236.827	6.7	0
236.849	6.7	0
236.871	6.8	0
236.892	6.8	0
236.913	6.8	0
236.934	6.8	0
236.955	6.8	0
236.975	6.8	0
236.995	6.8	0
237.015	6.8	0
237.034	6.8	0
237.053	6.8	0
237.071	6.8	0
237.090	6.8	0
237.108	6.8	0
237.126	6.8	0
237.143	6.8	0
237.160	6.8	0
237.177	6.8	0
237.193	6.9	0
237.209	6.9	0
237.225	6.9	0
237.241	6.9	0
237.256	6.9	0
237.271	6.9	0
237.286	6.9	0
237.300	6.9	0
237.314	6.9	0
237.328	6.9	0
237.341	6.9	0
237.354	6.9	0
237.367	6.9	0
237.380	6.9	0
237.392	6.9	0
237.404	6.9	0
237.415	7	0
237.427	7	0
237.438	7	0
237.448	7	0
237.459	7	0
237.469	7	0
237.479	7	0
237.488	7	0
237.497	7	0
237.506	7	0
237.515	7	0
237.523	7	0
237.531	7	0
237.539	7	0
237.546	7	0
237.553	7	0
237.560	7	0
237.566	7.1	0
237.572	7.1	0
237.578	7.1	0
237.584	7.1	0
237.589	7.1	0
237.594	7.1	0
237.599	7.1	0
237.603	7.1	0
237.607	7.1	0
237.611	7.1	0
237.615	7.1	0
237.618	7.1	0
237.621	7.1	0
237.623	7.1	0
237.626	7.1	0
237.628	7.1	0
237.629	7.1	0
237.631	7.2	0
237.632	7.2	0
237.633	7.2	0
237.633	7.2	0
