0.000	0	66
164.369	0.2	57
318.726	0.3	51
456.136	0.5	45
579.754	0.6	41
691.969	0.8	37
794.664	0.9	34
889.248	1	31
976.881	1.2	29
1058.461	1.3	27
1134.752	1.4	26
1206.379	1.5	24
1273.859	1.7	23
1337.624	1.8	22
1398.052	1.9	21
1455.475	2	20
1510.149	2.1	19
1562.332	2.2	18
1612.231	2.3	17
1660.033	2.4	17
1705.901	2.5	16
1749.977	2.7	15
1792.400	2.8	15
1833.283	2.9	14
1872.727	3	14
1910.832	3.1	13
1947.683	3.2	13
1983.356	3.3	13
2017.923	3.4	12
2051.452	3.5	12
2083.996	3.5	12
2115.616	3.6	11
2146.358	3.7	11
2176.269	3.8	11
2205.393	3.9	11
2233.769	4	10
2261.433	4.1	10
2288.421	4.2	10
2314.763	4.3	10
2340.486	4.4	9
2365.623	4.4	9
2390.197	4.5	9
2414.232	4.6	9
2437.751	4.7	9
2460.777	4.8	9
2483.325	4.9	8
2505.419	4.9	8
2527.076	5	8
2548.311	5.1	8
2569.140	5.2	8
2589.578	5.3	8
2609.640	5.3	8
2629.339	5.4	7
2648.688	5.5	7
2667.699	5.6	7
2686.383	5.7	7
2704.750	5.7	7
2722.812	5.8	7
2740.578	5.9	7
2758.057	6	7
2775.259	6	7
2792.193	6.1	7
2808.864	6.2	6
2825.284	6.3	6
2841.458	6.3	6
2857.393	6.4	6
2873.096	6.5	6
2888.575	6.5	6
2903.835	6.6	6
2918.882	6.7	6
2933.722	6.8	6
2948.360	6.8	6
2962.802	6.9	6
2977.053	7	6
2991.119	7	6
3005.002	7.1	6
3018.709	7.2	5
3032.243	7.2	5
3045.608	7.3	5
3058.810	7.4	5
3071.852	7.5	5
3084.736	7.5	5
3097.468	7.6	5
3110.052	7.7	5
3122.488	7.7	5
3134.782	7.8	5
3146.937	7.8	5
3158.955	7.9	5
3170.840	8	5
3182.595	8	5
3194.221	8.1	5
3205.723	8.2	5
3217.102	8.2	5
3228.362	8.3	5
3239.504	8.4	5
3250.530	8.4	5
3261.444	8.5	5
3272.248	8.6	4
3282.943	8.6	4
3293.532	8.7	4
3304.017	8.7	4
3314.400	8.8	4
3324.682	8.9	4
3334.866	8.9	4
3344.953	9	4
3354.946	9	4
3364.846	9.1	4
3374.654	9.2	4
3384.372	9.2	4
3394.002	9.3	4
3403.546	9.3	4
3413.005	9.4	4
3422.379	9.5	4
3431.672	9.5	4
3440.884	9.6	4
3450.016	9.6	4
3459.070	9.7	4
3468.048	9.8	4
3476.949	9.8	4
3485.777	9.9	4
3494.531	9.9	4
3503.213	10	4
3511.824	10	4
3520.366	10.1	4
3528.839	10.2	4
3537.243	10.2	4
3545.582	10.3	4
3553.855	10.3	4
3562.063	10.4	4
3570.208	10.4	4
3578.290	10.5	4
3586.311	10.6	4
3594.270	10.6	4
3602.169	10.7	4
3610.010	10.7	4
3617.792	10.8	4
3625.517	10.8	3
3633.184	10.9	3
3640.797	10.9	3
3648.353	11	3
3655.856	11	3
3663.305	11.1	3
3670.701	11.2	3
3678.046	11.2	3
3685.338	11.3	3
3692.580	11.3	3
3699.772	11.4	3
3706.914	11.4	3
3714.007	11.5	3
3721.052	11.5	3
3728.050	11.6	3
3735.001	11.6	3
3741.905	11.7	3
3748.763	11.7	3
3755.576	11.8	3
3762.345	11.8	3
3769.070	11.9	3
3775.750	12	3
3782.388	12	3
3788.983	12.1	3
3795.536	12.1	3
3802.048	12.2	3
3808.518	12.2	3
3814.948	12.3	3
3821.338	12.3	3
3827.688	12.4	3
3833.999	12.4	3
3840.271	12.5	3
3846.505	12.5	3
3852.701	12.6	3
3858.860	12.6	3
3864.982	12.7	3
3871.066	12.7	3
3877.115	12.8	3
3883.128	12.8	3
3889.105	12.9	3
3895.047	12.9	3
3900.955	13	3
3906.828	13	3
3912.667	13.1	3
3918.473	13.1	3
3924.245	13.2	3
3929.985	13.2	3
3935.692	13.3	3
3941.366	13.3	3
3947.009	13.4	3
3952.620	13.4	3
3958.200	13.5	3
3963.749	13.5	3
3969.266	13.6	3
3974.754	13.6	3
3980.212	13.7	3
3985.640	13.7	3
3991.038	13.8	3
3996.407	13.8	3
4001.748	13.8	3
4007.059	13.9	3
4012.342	13.9	3
4017.598	14	3
4022.825	14	3
4028.024	14.1	3
4033.197	14.1	3
4038.342	14.2	3
4043.460	14.2	3
4048.552	14.3	3
4053.617	14.3	3
4058.657	14.4	3
4063.670	14.4	3
4068.658	14.5	3
4073.620	14.5	3
4078.557	14.6	3
4083.469	14.6	3
4088.356	14.6	3
4093.219	14.7	3
4098.057	14.7	3
4102.871	14.8	3
4107.662	14.8	3
4112.428	14.9	3
4117.171	14.9	3
4121.891	15	3
4126.587	15	3
4131.261	15.1	3
4135.911	15.1	3
4140.539	15.2	3
4145.145	15.2	3
4149.729	15.2	3
4154.290	15.3	3
4158.830	15.3	3
4163.348	15.4	3
4167.844	15.4	3
4172.319	15.5	3
4176.772	15.5	3
4181.205	15.6	3
4185.617	15.6	3
4190.008	15.7	3
4194.379	15.7	3
4198.729	15.7	3
4203.059	15.8	3
4207.369	15.8	3
4211.659	15.9	3
4215.929	15.9	3
4220.180	16	3
4224.410	16	3
4228.622	16.1	3
4232.815	16.1	3
4236.988	16.1	3
4241.142	16.2	3
4245.278	16.2	3
4249.395	16.3	3
4253.493	16.3	3
4257.573	16.4	3
4261.635	16.4	3
4265.679	16.4	3
4269.704	16.5	3
4273.712	16.5	3
4277.702	16.6	2
4281.674	16.6	2
4285.628	16.7	2
4289.566	16.7	2
4293.486	16.7	2
4297.388	16.8	2
4301.274	16.8	2
4305.143	16.9	2
4308.995	16.9	2
4312.830	17	2
4316.648	17	2
4320.450	17	2
4324.236	17.1	2
4328.005	17.1	2
4331.758	17.2	2
4335.495	17.2	2
4339.217	17.3	2
4342.922	17.3	2
4346.611	17.3	2
4350.284	17.4	2
4353.943	17.4	2
4357.585	17.5	2
4361.212	17.5	2
4364.824	17.6	2
4368.420	17.6	2
4372.002	17.6	2
4375.568	17.7	2
4379.120	17.7	2
4382.656	17.8	2
4386.178	17.8	2
4389.685	17.8	2
4393.178	17.9	2
4396.656	17.9	2
4400.119	18	2
4403.569	18	2
4407.004	18.1	2
4410.425	18.1	2
4413.831	18.1	2
4417.224	18.2	2
4420.603	18.2	2
4423.968	18.3	2
4427.319	18.3	2
4430.656	18.4	2
4433.980	18.4	2
4437.290	18.4	2
4440.587	18.5	2
4443.870	18.5	2
4447.140	18.6	2
4450.397	18.6	2
4453.641	18.6	2
4456.871	18.7	2
4460.088	18.7	2
4463.293	18.8	2
4466.484	18.8	2
4469.663	18.8	2
4472.829	18.9	2
4475.982	18.9	2
4479.122	19	2
4482.250	19	2
4485.366	19	2
4488.469	19.1	2
4491.559	19.1	2
4494.637	19.2	2
4497.703	19.2	2
