0.000	0	0
129.798	0.1	0
251.774	0.3	0
359.324	0.4	0
455.469	0.5	0
542.313	0.7	0
621.377	0.8	0
693.943	0.9	0
760.940	1	0
823.142	1.1	0
881.159	1.3	0
935.511	1.4	0
986.607	1.5	0
1034.812	1.6	0
1080.421	1.7	0
1123.694	1.8	0
1164.850	1.9	0
1204.083	2	0
1241.557	2.1	0
1277.416	2.2	0
1311.794	2.2	0
1344.806	2.3	0
1376.550	2.4	0
1407.117	2.5	0
1436.591	2.6	0
1465.045	2.7	0
1492.548	2.8	0
1519.153	2.9	0
1544.924	2.9	0
1569.902	3	0
1594.139	3.1	0
1617.675	3.2	0
1640.549	3.3	0
1662.796	3.4	0
1684.447	3.4	0
1705.535	3.5	0
1726.087	3.6	0
1746.130	3.7	0
1765.683	3.7	0
1784.776	3.8	0
1803.424	3.9	0
1821.652	4	0
1839.472	4	0
1856.907	4.1	0
1873.971	4.2	0
1890.677	4.3	0
1907.042	4.3	0
1923.078	4.4	0
1938.799	4.5	0
1954.216	4.5	0
1969.341	4.6	0
1984.184	4.7	0
1998.755	4.8	0
2013.064	4.8	0
2027.119	4.9	0
2040.930	5	0
2054.505	5	0
2067.851	5.1	0
2080.977	5.2	0
2093.887	5.2	0
2106.591	5.3	0
2119.094	5.3	0
2131.403	5.4	0
2143.521	5.5	0
2155.457	5.5	0
2167.216	5.6	0
2178.800	5.7	0
2190.217	5.7	0
2201.471	5.8	0
2212.566	5.8	0
2223.507	5.9	0
2234.297	6	0
2244.941	6	0
2255.443	6.1	0
2265.806	6.2	0
2276.033	6.2	0
2286.129	6.3	0
2296.096	6.3	0
2305.938	6.4	0
2315.657	6.4	0
2325.256	6.5	0
2334.740	6.6	0
2344.109	6.6	0
2353.368	6.7	0
2362.517	6.7	0
2371.560	6.8	0
2380.499	6.9	0
2389.337	6.9	0
2398.075	7	0
2406.717	7	0
2415.262	7.1	0
2423.716	7.1	0
2432.077	7.2	0
2440.350	7.2	0
2448.534	7.3	0
2456.634	7.4	0
2464.649	7.4	0
2472.583	7.5	0
2480.435	7.5	0
2488.208	7.6	0
2495.904	7.6	0
2503.524	7.7	0
2511.069	7.7	0
2518.541	7.8	0
2525.941	7.8	0
2533.270	7.9	0
2540.530	7.9	0
2547.723	8	0
2554.848	8	0
2561.907	8.1	0
2568.902	8.1	0
2575.834	8.2	0
2582.704	8.2	0
2589.512	8.3	0
2596.261	8.3	0
2602.950	8.4	0
2609.580	8.5	0
2616.154	8.5	0
2622.671	8.6	0
2629.133	8.6	0
2635.541	8.7	0
2641.894	8.7	0
2648.196	8.8	0
2654.445	8.8	0
2660.643	8.8	0
2666.790	8.9	0
2672.888	8.9	0
2678.937	9	0
2684.939	9	0
2690.892	9.1	0
2696.799	9.1	0
2702.661	9.2	0
2708.476	9.2	0
2714.247	9.3	0
2719.974	9.3	0
2725.658	9.4	0
2731.299	9.4	0
2736.898	9.5	0
2742.455	9.5	0
2747.971	9.6	0
2753.447	9.6	0
2758.882	9.7	0
2764.279	9.7	0
2769.636	9.8	0
2774.955	9.8	0
2780.236	9.9	0
2785.480	9.9	0
2790.687	9.9	0
2795.858	10	0
2800.993	10	0
2806.092	10.1	0
2811.157	10.1	0
2816.186	10.2	0
2821.182	10.2	0
2826.144	10.3	0
2831.073	10.3	0
2835.968	10.4	0
2840.832	10.4	0
2845.663	10.4	0
2850.462	10.5	0
2855.230	10.5	0
2859.968	10.6	0
2864.674	10.6	0
2869.350	10.7	0
2873.997	10.7	0
2878.613	10.8	0
2883.201	10.8	0
2887.760	10.8	0
2892.290	10.9	0
2896.792	10.9	0
2901.265	11	0
2905.712	11	0
2910.131	11.1	0
2914.523	11.1	0
2918.888	11.1	0
2923.227	11.2	0
2927.539	11.2	0
2931.826	11.3	0
2936.087	11.3	0
2940.322	11.4	0
2944.533	11.4	0
2948.719	11.4	0
2952.880	11.5	0
2957.017	11.5	0
2961.130	11.6	0
2965.219	11.6	0
2969.284	11.7	0
2973.326	11.7	0
2977.345	11.7	0
2981.341	11.8	0
2985.314	11.8	0
2989.265	11.9	0
2993.194	11.9	0
2997.100	12	0
3000.985	12	0
3004.848	12	0
3008.690	12.1	0
3012.511	12.1	0
3016.310	12.2	0
3020.089	12.2	0
3023.847	12.2	0
3027.585	12.3	0
3031.302	12.3	0
3035.000	12.4	0
3038.677	12.4	0
3042.335	12.4	0
3045.973	12.5	0
3049.592	12.5	0
3053.192	12.6	0
3056.773	12.6	0
3060.335	12.6	0
3063.878	12.7	0
3067.403	12.7	0
3070.909	12.8	0
3074.397	12.8	0
3077.867	12.8	0
3081.319	12.9	0
3084.754	12.9	0
3088.170	13	0
3091.570	13	0
3094.952	13	0
3098.317	13.1	0
3101.664	13.1	0
3104.995	13.2	0
3108.309	13.2	0
3111.607	13.2	0
3114.888	13.3	0
3118.152	13.3	0
3121.401	13.4	0
3124.633	13.4	0
3127.849	13.4	0
3131.050	13.5	0
3134.234	13.5	0
3137.403	13.5	0
3140.557	13.6	0
3143.695	13.6	0
3146.818	13.7	0
3149.925	13.7	0
3153.018	13.7	0
3156.096	13.8	0
3159.159	13.8	0
3162.207	13.9	0
3165.241	13.9	0
3168.260	13.9	0
3171.264	14	0
3174.255	14	0
3177.231	14	0
3180.193	14.1	0
3183.141	14.1	0
3186.076	14.2	0
3188.996	14.2	0
3191.903	14.2	0
3194.796	14.3	0
3197.676	14.3	0
3200.542	14.3	0
3203.395	14.4	0
3206.234	14.4	0
3209.061	14.5	0
3211.874	14.5	0
3214.675	14.5	0
3217.462	14.6	0
3220.237	14.6	0
3222.999	14.6	0
3225.749	14.7	0
3228.485	14.7	0
3231.210	14.8	0
3233.922	14.8	0
3236.622	14.8	0
3239.309	14.9	0
3241.984	14.9	0
3244.648	14.9	0
3247.299	15	0
3249.938	15	0
3252.566	15	0
3255.181	15.1	0
3257.785	15.1	0
3260.378	15.2	0
3262.958	15.2	0
3265.528	15.2	0
3268.085	15.3	0
3270.632	15.3	0
3273.167	15.3	0
3275.691	15.4	0
3278.204	15.4	0
3280.706	15.4	0
3283.196	15.5	0
3285.676	15.5	0
3288.145	15.6	0
3290.603	15.6	0
3293.050	15.6	0
3295.487	15.7	0
3297.912	15.7	0
3300.328	15.7	0
3302.732	15.8	0
3305.127	15.8	0
3307.510	15.8	0
3309.884	15.9	0
3312.247	15.9	0
3314.600	15.9	0
3316.943	16	0
3319.276	16	0
3321.598	16	0
3323.911	16.1	0
3326.213	16.1	0
3328.506	16.2	0
3330.789	16.2	0
3333.062	16.2	0
3335.325	16.3	0
3337.578	16.3	0
3339.822	16.3	0
3342.056	16.4	0
3344.281	16.4	0
3346.496	16.4	0
3348.702	16.5	0
3350.898	16.5	0
3353.085	16.5	0
3355.262	16.6	0
3357.431	16.6	0
3359.590	16.6	0
3361.740	16.7	0
3363.881	16.7	0
3366.012	16.7	0
3368.135	16.8	0
3370.249	16.8	0
3372.353	16.8	0
3374.449	16.9	0
3376.536	16.9	0
3378.614	16.9	0
3380.683	17	0
3382.744	17	0
3384.795	17	0
3386.839	17.1	0
3388.873	17.1	0
3390.899	17.1	0
3392.916	17.2	0
3394.925	17.2	0
3396.926	17.3	0
3398.918	17.3	0
3400.901	17.3	0
3402.877	17.4	0
3404.843	17.4	0
3406.802	17.4	0
3408.753	17.5	0
3410.695	17.5	0
3412.629	17.5	0
3414.555	17.6	0
3416.473	17.6	0
3418.382	17.6	0
3420.284	17.7	0
3422.178	17.7	0
3424.064	17.7	0
3425.941	17.8	0
3427.811	17.8	0
3429.673	17.8	0
3431.528	17.9	0
3433.374	17.9	0
3435.213	17.9	0
3437.044	18	0
3438.867	18	0
3440.683	18	0
3442.491	18.1	0
3444.291	18.1	0
3446.084	18.1	0
3447.869	18.2	0
3449.647	18.2	0
3451.417	18.2	0
3453.180	18.3	0
3454.936	18.3	0
3456.684	18.3	0
3458.425	18.4	0
3460.158	18.4	0
3461.884	18.4	0
3463.603	18.5	0
3465.314	18.5	0
3467.019	18.5	0
3468.716	18.5	0
3470.406	18.6	0
3472.088	18.6	0
3473.764	18.6	0
3475.433	18.7	0
3477.094	18.7	0
3478.749	18.7	0
3480.396	18.8	0
3482.037	18.8	0
3483.670	18.8	0
3485.297	18.9	0
3486.917	18.9	0
3488.530	18.9	0
3490.136	19	0
3491.735	19	0
3493.327	19	0
3494.913	19.1	0
3496.492	19.1	0
3498.064	19.1	0
3499.629	19.2	0
3501.188	19.2	0
3502.740	19.2	0
3504.285	19.3	0
3505.824	19.3	0
3507.356	19.3	0
3508.882	19.4	0
3510.401	19.4	0
3511.913	19.4	0
3513.419	19.4	0
3514.919	19.5	0
3516.412	19.5	0
3517.899	19.5	0
3519.379	19.6	0
3520.853	19.6	0
3522.320	19.6	0
3523.781	19.7	0
3525.236	19.7	0
3526.684	19.7	0
3528.126	19.8	0
3529.562	19.8	0
3530.992	19.8	0
3532.415	19.9	0
3533.832	19.9	0
3535.243	19.9	0
3536.648	20	0
3538.047	20	0
3539.439	20	0
3540.825	20	0
3542.206	20.1	0
3543.580	20.1	0
3544.948	20.1	0
3546.310	20.2	0
3547.666	20.2	0
3549.016	20.2	0
3550.360	20.3	0
3551.698	20.3	0
3553.030	20.3	0
3554.356	20.4	0
3555.677	20.4	0
3556.991	20.4	0
3558.299	20.4	0
3559.602	20.5	0
3560.899	20.5	0
3562.190	20.5	0
3563.475	20.6	0
3564.754	20.6	0
3566.027	20.6	0
3567.295	20.7	0
3568.557	20.7	0
3569.813	20.7	0
3571.064	20.8	0
3572.308	20.8	0
3573.547	20.8	0
3574.781	20.8	0
3576.009	20.9	0
3577.231	20.9	0
3578.447	20.9	0
3579.658	21	0
3580.863	21	0
3582.063	21	0
3583.257	21.1	0
3584.446	21.1	0
3585.629	21.1	0
3586.806	21.2	0
3587.978	21.2	0
3589.145	21.2	0
3590.306	21.2	0
3591.461	21.3	0
3592.611	21.3	0
3593.756	21.3	0
3594.895	21.4	0
3596.029	21.4	0
3597.157	21.4	0
3598.280	21.5	0
3599.398	21.5	0
3600.510	21.5	0
3601.617	21.5	0
3602.719	21.6	0
3603.815	21.6	0
3604.906	21.6	0
3605.992	21.7	0
3607.072	21.7	0
3608.148	21.7	0
3609.217	21.8	0
3610.282	21.8	0
3611.342	21.8	0
3612.396	21.8	0
3613.445	21.9	0
3614.489	21.9	0
3615.527	21.9	0
3616.561	22	0
3617.589	22	0
3618.612	22	0
3619.630	22.1	0
3620.643	22.1	0
3621.651	22.1	0
3622.654	22.1	0
3623.651	22.2	0
3624.644	22.2	0
3625.631	22.2	0
3626.614	22.3	0
3627.591	22.3	0
3628.564	22.3	0
3629.531	22.3	0
3630.493	22.4	0
3631.451	22.4	0
3632.403	22.4	0
3633.350	22.5	0
3634.293	22.5	0
3635.230	22.5	0
3636.163	22.6	0
3637.091	22.6	0
3638.013	22.6	0
3638.931	22.6	0
3639.844	22.7	0
3640.752	22.7	0
3641.655	22.7	0
3642.553	22.8	0
3643.446	22.8	0
3644.335	22.8	0
3645.219	22.8	0
3646.097	22.9	0
3646.971	22.9	0
3647.841	22.9	0
3648.705	23	0
3649.565	23	0
3650.420	23	0
3651.270	23.1	0
3652.115	23.1	0
3652.955	23.1	0
3653.791	23.1	0
3654.622	23.2	0
3655.449	23.2	0
3656.270	23.2	0
3657.087	23.3	0
3657.899	23.3	0
3658.707	23.3	0
3659.510	23.3	0
3660.308	23.4	0
3661.101	23.4	0
3661.890	23.4	0
3662.674	23.5	0
3663.454	23.5	0
3664.229	23.5	0
3664.999	23.5	0
3665.765	23.6	0
3666.526	23.6	0
3667.282	23.6	0
3668.034	23.7	0
3668.781	23.7	0
3669.524	23.7	0
3670.262	23.7	0
3670.996	23.8	0
3671.725	23.8	0
3672.450	23.8	0
3673.170	23.9	0
3673.885	23.9	0
3674.596	23.9	0
3675.302	23.9	0
3676.004	24	0
3676.702	24	0
3677.395	24	0
3678.083	24.1	0
3678.767	24.1	0
3679.447	24.1	0
3680.122	24.1	0
3680.793	24.2	0
3681.459	24.2	0
3682.121	24.2	0
3682.778	24.3	0
3683.431	24.3	0
3684.080	24.3	0
3684.724	24.3	0
3685.363	24.4	0
3685.999	24.4	0
3686.630	24.4	0
3687.256	24.5	0
3687.878	24.5	0
3688.496	24.5	0
3689.110	24.5	0
3689.719	24.6	0
3690.324	24.6	0
3690.924	24.6	0
3691.520	24.7	0
3692.112	24.7	0
3692.700	24.7	0
3693.283	24.7	0
3693.862	24.8	0
3694.436	24.8	0
3695.007	24.8	0
3695.573	24.9	0
3696.134	24.9	0
3696.692	24.9	0
3697.245	24.9	0
3697.794	25	0
3698.339	25	0
3698.879	25	0
3699.415	25.1	0
3699.947	25.1	0
3700.475	25.1	0
3700.999	25.1	0
3701.518	25.2	0
3702.033	25.2	0
3702.544	25.2	0
3703.051	25.2	0
3703.553	25.3	0
3704.052	25.3	0
3704.546	25.3	0
3705.036	25.4	0
3705.522	25.4	0
3706.003	25.4	0
3706.481	25.4	0
3706.954	25.5	0
3707.423	25.5	0
3707.888	25.5	0
3708.349	25.6	0
3708.806	25.6	0
3709.259	25.6	0
3709.707	25.6	0
3710.152	25.7	0
3710.592	25.7	0
3711.028	25.7	0
3711.460	25.7	0
3711.889	25.8	0
3712.313	25.8	0
3712.732	25.8	0
3713.148	25.9	0
3713.560	25.9	0
3713.968	25.9	0
3714.371	25.9	0
3714.771	26	0
3715.166	26	0
3715.558	26	0
3715.945	26	0
3716.328	26.1	0
3716.708	26.1	0
3717.083	26.1	0
3717.454	26.2	0
3717.822	26.2	0
3718.185	26.2	0
3718.544	26.2	0
3718.900	26.3	0
3719.251	26.3	0
3719.598	26.3	0
3719.941	26.4	0
3720.281	26.4	0
3720.616	26.4	0
3720.947	26.4	0
3721.275	26.5	0
3721.598	26.5	0
3721.918	26.5	0
3722.233	26.5	0
3722.545	26.6	0
3722.852	26.6	0
3723.156	26.6	0
3723.456	26.7	0
3723.752	26.7	0
3724.043	26.7	0
3724.331	26.7	0
3724.615	26.8	0
3724.896	26.8	0
3725.172	26.8	0
3725.444	26.8	0
3725.712	26.9	0
3725.977	26.9	0
3726.238	26.9	0
3726.494	26.9	0
3726.747	27	0
3726.996	27	0
3727.241	27	0
3727.482	27.1	0
3727.719	27.1	0
3727.953	27.1	0
3728.182	27.1	0
3728.408	27.2	0
3728.630	27.2	0
3728.848	27.2	0
3729.062	27.2	0
3729.273	27.3	0
3729.479	27.3	0
3729.682	27.3	0
3729.881	27.4	0
3730.076	27.4	0
3730.267	27.4	0
3730.454	27.4	0
3730.638	27.5	0
3730.817	27.5	0
3730.993	27.5	0
3731.165	27.5	0
3731.334	27.6	0
3731.498	27.6	0
3731.659	27.6	0
3731.816	27.6	0
3731.969	27.7	0
3732.118	27.7	0
3732.264	27.7	0
3732.405	27.8	0
3732.543	27.8	0
3732.678	27.8	0
3732.808	27.8	0
3732.935	27.9	0
3733.058	27.9	0
3733.177	27.9	0
3733.292	27.9	0
3733.404	28	0
3733.512	28	0
3733.616	28	0
3733.717	28	0
3733.813	28.1	0
3733.906	28.1	0
3733.995	28.1	0
3734.081	28.2	0
3734.163	28.2	0
3734.241	28.2	0
3734.315	28.2	0
3734.386	28.3	0
3734.453	28.3	0
3734.516	28.3	0
3734.575	28.3	0
3734.631	28.4	0
3734.683	28.4	0
3734.732	28.4	0
3734.776	28.4	0
3734.818	28.5	0
3734.855	28.5	0
3734.889	28.5	0
3734.918	28.5	0
3734.945	28.6	0
3734.967	28.6	0
3734.986	28.6	0
3735.002	28.7	0
3735.013	28.7	0
3735.021	28.7	0
3735.025	28.7	0
