0.000	0	16
90.422	0.1	14
176.791	0.2	12
253.332	0.3	11
321.847	0.5	10
383.841	0.6	9
440.409	0.7	8
492.382	0.8	8
540.423	0.9	7
585.079	1	6
626.754	1.1	6
665.830	1.1	6
702.594	1.2	5
737.296	1.3	5
770.152	1.4	5
801.333	1.5	5
831.009	1.6	4
859.300	1.7	4
886.336	1.7	4
912.217	1.8	4
937.037	1.9	4
960.877	2	4
983.804	2.1	4
1005.888	2.1	3
1027.188	2.2	3
1047.754	2.3	3
1067.633	2.3	3
1086.871	2.4	3
1105.506	2.5	3
1123.572	2.6	3
1141.103	2.6	3
1158.128	2.7	3
1174.675	2.8	3
1190.771	2.8	3
1206.439	2.9	2
1221.699	3	2
1236.572	3	2
1251.078	3.1	2
1265.231	3.2	2
1279.050	3.2	2
1292.551	3.3	2
1305.744	3.4	2
1318.645	3.4	2
1331.267	3.5	2
1343.621	3.5	2
1355.717	3.6	2
1367.565	3.7	2
1379.176	3.7	2
1390.559	3.8	2
1401.721	3.8	2
1412.671	3.9	2
1423.417	4	2
1433.967	4	2
1444.328	4.1	2
1454.505	4.1	2
1464.504	4.2	2
1474.333	4.2	2
1483.996	4.3	2
1493.498	4.4	2
1502.846	4.4	2
1512.043	4.5	2
1521.095	4.5	2
1530.005	4.6	2
1538.778	4.6	1
1547.419	4.7	1
1555.930	4.7	1
1564.316	4.8	1
1572.580	4.8	1
1580.725	4.9	1
1588.755	4.9	1
1596.674	5	1
1604.484	5	1
1612.186	5.1	1
1619.786	5.2	1
1627.284	5.2	1
1634.685	5.3	1
1641.990	5.3	1
1649.201	5.4	1
1656.321	5.4	1
1663.353	5.5	1
1670.297	5.5	1
1677.157	5.6	1
1683.935	5.6	1
1690.631	5.7	1
1697.248	5.7	1
1703.788	5.7	1
1710.252	5.8	1
1716.643	5.8	1
1722.962	5.9	1
1729.210	5.9	1
1735.388	6	1
1741.499	6	1
1747.544	6.1	1
1753.523	6.1	1
1759.439	6.2	1
1765.293	6.2	1
1771.085	6.3	1
1776.818	6.3	1
1782.492	6.4	1
1788.109	6.4	1
1793.669	6.4	1
1799.173	6.5	1
1804.624	6.5	1
1810.021	6.6	1
1815.366	6.6	1
1820.659	6.7	1
1825.902	6.7	1
1831.095	6.8	1
1836.240	6.8	1
1841.337	6.8	1
1846.386	6.9	1
1851.390	6.9	1
1856.349	7	1
1861.262	7	1
1866.132	7.1	1
1870.959	7.1	1
1875.744	7.2	1
1880.486	7.2	1
1885.188	7.2	1
1889.850	7.3	1
1894.471	7.3	1
1899.053	7.4	1
1903.598	7.4	1
1908.104	7.4	1
1912.573	7.5	1
1917.005	7.5	1
1921.401	7.6	1
1925.761	7.6	1
1930.087	7.7	1
1934.378	7.7	1
1938.635	7.7	1
1942.858	7.8	1
1947.048	7.8	1
1951.206	7.9	1
1955.331	7.9	1
1959.425	7.9	1
1963.487	8	1
1967.519	8	1
1971.521	8.1	1
1975.492	8.1	1
1979.434	8.1	1
1983.347	8.2	1
1987.231	8.2	1
1991.087	8.3	1
1994.915	8.3	1
1998.715	8.3	1
2002.487	8.4	1
2006.233	8.4	1
2009.953	8.5	1
2013.646	8.5	1
2017.313	8.5	1
2020.955	8.6	1
2024.571	8.6	1
2028.163	8.7	1
2031.730	8.7	1
2035.272	8.7	1
2038.790	8.8	1
2042.285	8.8	1
2045.757	8.8	1
2049.205	8.9	1
2052.630	8.9	1
2056.032	9	1
2059.413	9	1
2062.771	9	1
2066.107	9.1	1
2069.422	9.1	1
2072.715	9.1	1
2075.987	9.2	1
2079.238	9.2	1
2082.469	9.3	1
2085.679	9.3	1
2088.869	9.3	1
2092.039	9.4	1
2095.190	9.4	1
2098.320	9.4	1
2101.431	9.5	1
2104.524	9.5	1
2107.597	9.5	1
2110.651	9.6	1
2113.687	9.6	1
2116.705	9.7	1
2119.704	9.7	1
2122.686	9.7	1
2125.649	9.8	1
2128.596	9.8	1
2131.524	9.8	1
2134.436	9.9	1
2137.330	9.9	1
2140.207	9.9	1
2143.068	10	1
2145.912	10	1
2148.739	10	1
2151.550	10.1	1
2154.346	10.1	1
2157.125	10.2	1
2159.888	10.2	1
2162.636	10.2	1
2165.368	10.3	1
2168.085	10.3	1
2170.786	10.3	1
2173.473	10.4	1
2176.144	10.4	1
2178.801	10.4	1
2181.442	10.5	1
2184.070	10.5	1
2186.683	10.5	1
2189.282	10.6	1
2191.866	10.6	1
2194.436	10.6	1
2196.993	10.7	1
2199.536	10.7	1
2202.065	10.7	1
2204.580	10.8	1
2207.082	10.8	1
2209.571	10.8	1
2212.046	10.9	1
2214.508	10.9	1
2216.957	10.9	1
2219.394	11	1
2221.817	11	1
2224.228	11	1
2226.626	11.1	1
2229.012	11.1	1
2231.386	11.1	1
2233.747	11.2	1
2236.095	11.2	1
2238.432	11.2	1
2240.757	11.3	1
2243.070	11.3	1
2245.371	11.3	1
2247.660	11.4	1
2249.938	11.4	1
2252.204	11.4	1
2254.459	11.5	1
2256.702	11.5	1
2258.934	11.5	1
2261.155	11.6	1
2263.365	11.6	1
2265.563	11.6	1
2267.751	11.7	1
2269.928	11.7	1
2272.094	11.7	1
2274.249	11.8	1
2276.394	11.8	1
2278.528	11.8	1
2280.652	11.9	1
2282.765	11.9	1
2284.868	11.9	1
2286.961	12	1
2289.043	12	1
2291.116	12	1
2293.178	12.1	1
2295.230	12.1	1
2297.272	12.1	1
2299.305	12.1	1
2301.328	12.2	1
2303.341	12.2	1
2305.344	12.2	1
2307.338	12.3	1
2309.322	12.3	1
2311.297	12.3	1
2313.263	12.4	1
2315.219	12.4	1
2317.165	12.4	1
2319.103	12.5	1
2321.032	12.5	1
2322.951	12.5	1
2324.861	12.6	1
2326.762	12.6	1
2328.655	12.6	1
2330.538	12.6	1
2332.413	12.7	1
2334.279	12.7	1
2336.136	12.7	1
2337.985	12.8	1
2339.825	12.8	1
2341.656	12.8	1
2343.479	12.9	1
2345.294	12.9	1
2347.100	12.9	1
2348.898	13	1
2350.687	13	1
2352.468	13	1
2354.241	13	1
2356.006	13.1	1
2357.763	13.1	1
2359.512	13.1	1
2361.253	13.2	1
2362.985	13.2	1
2364.710	13.2	1
2366.427	13.3	1
2368.136	13.3	1
2369.838	13.3	1
2371.531	13.3	1
2373.217	13.4	1
2374.896	13.4	1
2376.566	13.4	1
2378.230	13.5	1
2379.885	13.5	1
2381.533	13.5	1
2383.174	13.6	1
2384.807	13.6	1
2386.433	13.6	1
2388.052	13.6	1
2389.663	13.7	1
2391.267	13.7	1
2392.864	13.7	1
2394.454	13.8	1
2396.036	13.8	1
2397.611	13.8	1
2399.180	13.8	1
2400.741	13.9	1
2402.295	13.9	1
2403.843	13.9	1
2405.383	14	1
2406.917	14	1
2408.443	14	1
2409.963	14.1	1
2411.477	14.1	1
2412.983	14.1	1
2414.483	14.1	1
2415.976	14.2	1
2417.462	14.2	1
2418.942	14.2	1
2420.415	14.3	1
2421.881	14.3	1
2423.341	14.3	1
2424.795	14.3	1
2426.242	14.4	1
2427.683	14.4	1
2429.117	14.4	1
2430.545	14.5	1
2431.966	14.5	1
2433.382	14.5	1
2434.791	14.5	1
2436.194	14.6	1
2437.590	14.6	1
2438.980	14.6	1
2440.364	14.7	1
2441.742	14.7	1
2443.114	14.7	1
2444.480	14.7	1
2445.840	14.8	1
2447.193	14.8	1
2448.541	14.8	1
2449.883	14.9	1
2451.219	14.9	1
2452.549	14.9	1
2453.872	14.9	1
2455.190	15	1
2456.503	15	1
2457.809	15	1
2459.110	15.1	1
2460.405	15.1	1
2461.694	15.1	1
2462.977	15.1	1
2464.255	15.2	1
2465.527	15.2	1
2466.793	15.2	1
2468.053	15.2	1
2469.308	15.3	1
2470.558	15.3	1
2471.802	15.3	1
2473.040	15.4	1
2474.273	15.4	1
2475.500	15.4	1
2476.722	15.4	1
2477.938	15.5	1
2479.149	15.5	1
2480.355	15.5	1
2481.555	15.5	1
2482.750	15.6	1
2483.939	15.6	1
2485.123	15.6	1
2486.302	15.7	1
2487.476	15.7	1
2488.644	15.7	1
2489.807	15.7	1
2490.965	15.8	1
2492.117	15.8	1
2493.265	15.8	1
2494.407	15.9	1
2495.544	15.9	1
2496.676	15.9	1
2497.803	15.9	1
2498.924	16	1
2500.041	16	1
2501.153	16	1
2502.259	16	1
2503.361	16.1	1
2504.457	16.1	1
2505.549	16.1	1
2506.635	16.1	1
2507.717	16.2	1
2508.794	16.2	1
2509.865	16.2	1
2510.932	16.3	1
2511.994	16.3	1
2513.051	16.3	1
2514.104	16.3	1
2515.151	16.4	1
2516.194	16.4	1
2517.232	16.4	1
2518.265	16.4	1
2519.293	16.5	1
2520.316	16.5	1
2521.335	16.5	1
2522.349	16.6	1
2523.359	16.6	1
2524.363	16.6	1
2525.364	16.6	1
2526.359	16.7	1
2527.350	16.7	1
2528.336	16.7	1
2529.317	16.7	1
2530.294	16.8	1
2531.266	16.8	1
2532.234	16.8	1
2533.197	16.8	1
2534.156	16.9	1
2535.110	16.9	1
2536.060	16.9	1
2537.005	16.9	1
2537.946	17	1
2538.882	17	1
2539.813	17	1
2540.741	17.1	1
2541.664	17.1	1
2542.582	17.1	1
2543.496	17.1	1
2544.406	17.2	1
2545.311	17.2	1
2546.212	17.2	1
2547.108	17.2	1
2548.001	17.3	1
2548.888	17.3	1
2549.772	17.3	1
2550.651	17.3	1
2551.526	17.4	1
2552.397	17.4	1
2553.264	17.4	1
2554.126	17.4	1
2554.984	17.5	1
2555.838	17.5	1
2556.687	17.5	1
2557.532	17.5	1
2558.374	17.6	1
2559.211	17.6	1
2560.043	17.6	1
2560.872	17.6	1
2561.697	17.7	1
2562.517	17.7	1
2563.333	17.7	1
2564.145	17.8	1
2564.953	17.8	1
2565.757	17.8	1
2566.557	17.8	1
2567.353	17.9	1
2568.145	17.9	1
2568.933	17.9	1
2569.716	17.9	1
2570.496	18	1
2571.272	18	1
2572.043	18	1
2572.811	18	1
2573.575	18.1	1
2574.334	18.1	1
2575.090	18.1	1
2575.842	18.1	1
2576.590	18.2	1
2577.334	18.2	1
2578.074	18.2	1
2578.810	18.2	1
2579.542	18.3	1
2580.271	18.3	1
2580.995	18.3	1
2581.716	18.3	1
2582.432	18.4	1
2583.145	18.4	1
2583.854	18.4	1
2584.559	18.4	1
2585.261	18.5	1
2585.958	18.5	1
2586.652	18.5	1
2587.342	18.5	1
2588.028	18.6	1
2588.710	18.6	1
2589.389	18.6	1
2590.064	18.6	1
2590.735	18.7	1
2591.402	18.7	1
2592.066	18.7	1
2592.726	18.7	1
2593.382	18.8	1
2594.034	18.8	1
2594.683	18.8	1
2595.328	18.8	1
2595.970	18.9	1
2596.607	18.9	1
2597.241	18.9	1
2597.872	18.9	1
2598.498	19	1
2599.121	19	1
2599.741	19	1
2600.357	19	1
2600.969	19.1	1
2601.577	19.1	1
2602.182	19.1	1
2602.784	19.1	1
2603.382	19.2	1
2603.976	19.2	1
2604.566	19.2	1
2605.154	19.2	1
2605.737	19.3	1
2606.317	19.3	1
2606.893	19.3	1
2607.466	19.3	1
2608.036	19.4	1
2608.602	19.4	1
2609.164	19.4	1
2609.723	19.4	1
2610.278	19.5	1
2610.830	19.5	1
2611.378	19.5	1
2611.923	19.5	1
2612.464	19.6	1
2613.002	19.6	1
2613.537	19.6	1
2614.068	19.6	1
2614.595	19.7	1
2615.119	19.7	1
2615.640	19.7	1
2616.157	19.7	1
2616.671	19.8	1
2617.182	19.8	1
2617.689	19.8	1
2618.192	19.8	1
2618.693	19.9	1
2619.189	19.9	1
2619.683	19.9	1
2620.173	19.9	1
2620.660	19.9	1
2621.143	20	1
2621.623	20	1
2622.100	20	1
2622.573	20	1
2623.043	20.1	1
2623.510	20.1	1
2623.973	20.1	1
2624.433	20.1	1
2624.890	20.2	1
2625.344	20.2	1
2625.794	20.2	1
2626.241	20.2	1
2626.684	20.3	1
2627.124	20.3	1
2627.561	20.3	1
2627.995	20.3	1
2628.426	20.4	1
2628.853	20.4	1
2629.277	20.4	1
2629.698	20.4	1
2630.115	20.5	1
2630.529	20.5	1
2630.940	20.5	1
2631.348	20.5	1
2631.753	20.5	1
2632.154	20.6	1
2632.552	20.6	1
2632.947	20.6	1
2633.339	20.6	1
2633.727	20.7	1
2634.113	20.7	1
2634.495	20.7	1
2634.874	20.7	1
2635.250	20.8	1
2635.622	20.8	1
2635.992	20.8	1
2636.358	20.8	1
2636.721	20.9	1
2637.082	20.9	1
2637.438	20.9	1
2637.792	20.9	1
2638.143	21	1
2638.490	21	1
2638.835	21	1
2639.176	21	1
2639.514	21	1
2639.849	21.1	1
2640.181	21.1	1
2640.510	21.1	1
2640.836	21.1	1
2641.159	21.2	1
2641.478	21.2	1
2641.795	21.2	1
2642.108	21.2	1
2642.419	21.3	1
2642.726	21.3	1
2643.030	21.3	1
2643.332	21.3	1
2643.630	21.4	1
2643.925	21.4	1
2644.217	21.4	1
2644.506	21.4	1
2644.792	21.4	1
2645.075	21.5	1
2645.355	21.5	1
2645.632	21.5	1
2645.906	21.5	1
2646.177	21.6	1
2646.445	21.6	1
2646.709	21.6	1
2646.971	21.6	1
2647.230	21.7	1
2647.486	21.7	1
2647.739	21.7	1
2647.989	21.7	1
2648.236	21.7	1
2648.480	21.8	1
2648.721	21.8	1
2648.959	21.8	1
2649.194	21.8	1
2649.426	21.9	1
2649.655	21.9	1
2649.882	21.9	1
2650.105	21.9	1
2650.325	22	1
2650.543	22	1
2650.757	22	1
2650.969	22	1
2651.177	22	1
2651.383	22.1	1
2651.586	22.1	1
2651.786	22.1	1
2651.983	22.1	1
2652.177	22.2	1
2652.368	22.2	1
2652.556	22.2	1
2652.742	22.2	1
2652.924	22.3	1
2653.104	22.3	1
2653.280	22.3	1
2653.454	22.3	1
2653.625	22.3	1
2653.793	22.4	1
2653.958	22.4	1
2654.120	22.4	1
2654.280	22.4	1
2654.436	22.5	1
2654.590	22.5	1
2654.741	22.5	1
2654.889	22.5	1
2655.034	22.5	1
2655.177	22.6	1
2655.316	22.6	1
2655.453	22.6	1
2655.587	22.6	1
2655.717	22.7	1
2655.846	22.7	1
2655.971	22.7	1
2656.093	22.7	1
2656.213	22.8	1
2656.330	22.8	1
2656.444	22.8	1
2656.555	22.8	1
2656.664	22.8	1
2656.769	22.9	1
2656.872	22.9	1
2656.972	22.9	1
2657.070	22.9	1
2657.164	23	1
2657.256	23	1
2657.345	23	1
2657.431	23	1
2657.514	23	1
2657.595	23.1	1
2657.673	23.1	1
2657.748	23.1	1
2657.820	23.1	1
2657.889	23.2	1
2657.956	23.2	1
2658.020	23.2	1
2658.081	23.2	1
2658.140	23.2	1
2658.196	23.3	1
2658.249	23.3	1
2658.299	23.3	1
2658.346	23.3	1
2658.391	23.4	1
2658.433	23.4	1
2658.472	23.4	1
2658.509	23.4	1
2658.543	23.5	1
2658.574	23.5	1
2658.602	23.5	1
2658.628	23.5	1
2658.651	23.5	1
2658.671	23.6	1
2658.689	23.6	1
2658.704	23.6	1
2658.716	23.6	1
2658.726	23.7	1
2658.732	23.7	1
2658.736	23.7	1
