0.000	0	15
80.628	0.1	14
159.774	0.2	12
230.884	0.3	11
295.339	0.4	10
354.296	0.5	9
408.552	0.6	8
458.783	0.7	8
505.537	0.8	7
549.218	0.9	7
590.209	1	6
628.811	1.1	6
665.279	1.2	6
699.816	1.3	5
732.621	1.4	5
763.849	1.4	5
793.646	1.5	5
822.128	1.6	5
849.400	1.7	4
875.560	1.8	4
900.692	1.8	4
924.874	1.9	4
948.173	2	4
970.644	2.1	4
992.348	2.1	4
1013.333	2.2	3
1033.640	2.3	3
1053.313	2.4	3
1072.390	2.4	3
1090.904	2.5	3
1108.887	2.6	3
1126.367	2.6	3
1143.372	2.7	3
1159.924	2.8	3
1176.046	2.8	3
1191.763	2.9	3
1207.089	3	3
1222.048	3	3
1236.651	3.1	2
1250.920	3.2	2
1264.864	3.2	2
1278.501	3.3	2
1291.842	3.3	2
1304.901	3.4	2
1317.687	3.5	2
1330.212	3.5	2
1342.486	3.6	2
1354.519	3.7	2
1366.320	3.7	2
1377.898	3.8	2
1389.260	3.8	2
1400.413	3.9	2
1411.366	3.9	2
1422.126	4	2
1432.700	4.1	2
1443.090	4.1	2
1453.307	4.2	2
1463.355	4.2	2
1473.238	4.3	2
1482.963	4.3	2
1492.533	4.4	2
1501.955	4.5	2
1511.231	4.5	2
1520.367	4.6	2
1529.367	4.6	2
1538.233	4.7	2
1546.972	4.7	2
1555.585	4.8	2
1564.075	4.8	2
1572.448	4.9	2
1580.706	4.9	2
1588.851	5	1
1596.886	5	1
1604.815	5.1	1
1612.640	5.1	1
1620.364	5.2	1
1627.989	5.2	1
1635.518	5.3	1
1642.953	5.3	1
1650.296	5.4	1
1657.549	5.4	1
1664.715	5.5	1
1671.795	5.5	1
1678.792	5.6	1
1685.707	5.6	1
1692.543	5.7	1
1699.300	5.7	1
1705.981	5.8	1
1712.587	5.8	1
1719.120	5.9	1
1725.581	5.9	1
1731.972	6	1
1738.295	6	1
1744.550	6.1	1
1750.740	6.1	1
1756.864	6.2	1
1762.926	6.2	1
1768.925	6.2	1
1774.863	6.3	1
1780.743	6.3	1
1786.562	6.4	1
1792.325	6.4	1
1798.032	6.5	1
1803.683	6.5	1
1809.279	6.6	1
1814.823	6.6	1
1820.314	6.7	1
1825.754	6.7	1
1831.142	6.7	1
1836.482	6.8	1
1841.773	6.8	1
1847.015	6.9	1
1852.211	6.9	1
1857.360	7	1
1862.463	7	1
1867.522	7.1	1
1872.537	7.1	1
1877.508	7.1	1
1882.437	7.2	1
1887.323	7.2	1
1892.169	7.3	1
1896.973	7.3	1
1901.738	7.4	1
1906.463	7.4	1
1911.150	7.4	1
1915.798	7.5	1
1920.409	7.5	1
1924.982	7.6	1
1929.519	7.6	1
1934.020	7.6	1
1938.486	7.7	1
1942.916	7.7	1
1947.313	7.8	1
1951.675	7.8	1
1956.004	7.8	1
1960.300	7.9	1
1964.563	7.9	1
1968.794	8	1
1972.994	8	1
1977.162	8.1	1
1981.300	8.1	1
1985.407	8.1	1
1989.484	8.2	1
1993.532	8.2	1
1997.551	8.3	1
2001.540	8.3	1
2005.502	8.3	1
2009.435	8.4	1
2013.340	8.4	1
2017.218	8.4	1
2021.070	8.5	1
2024.894	8.5	1
2028.692	8.6	1
2032.465	8.6	1
2036.211	8.6	1
2039.933	8.7	1
2043.629	8.7	1
2047.300	8.8	1
2050.947	8.8	1
2054.569	8.8	1
2058.168	8.9	1
2061.743	8.9	1
2065.295	8.9	1
2068.824	9	1
2072.330	9	1
2075.813	9.1	1
2079.274	9.1	1
2082.713	9.1	1
2086.130	9.2	1
2089.526	9.2	1
2092.901	9.2	1
2096.254	9.3	1
2099.586	9.3	1
2102.898	9.4	1
2106.189	9.4	1
2109.460	9.4	1
2112.712	9.5	1
2115.943	9.5	1
2119.155	9.5	1
2122.348	9.6	1
2125.521	9.6	1
2128.675	9.7	1
2131.811	9.7	1
2134.928	9.7	1
2138.027	9.8	1
2141.107	9.8	1
2144.169	9.8	1
2147.214	9.9	1
2150.241	9.9	1
2153.250	9.9	1
2156.242	10	1
2159.217	10	1
2162.175	10	1
2165.116	10.1	1
2168.040	10.1	1
2170.948	10.2	1
2173.840	10.2	1
2176.715	10.2	1
2179.574	10.3	1
2182.417	10.3	1
2185.245	10.3	1
2188.057	10.4	1
2190.853	10.4	1
2193.634	10.4	1
2196.400	10.5	1
2199.151	10.5	1
2201.887	10.5	1
2204.608	10.6	1
2207.314	10.6	1
2210.006	10.6	1
2212.683	10.7	1
2215.347	10.7	1
2217.995	10.7	1
2220.630	10.8	1
2223.251	10.8	1
2225.858	10.8	1
2228.452	10.9	1
2231.032	10.9	1
2233.598	10.9	1
2236.151	11	1
2238.691	11	1
2241.217	11	1
2243.731	11.1	1
2246.231	11.1	1
2248.719	11.1	1
2251.194	11.2	1
2253.656	11.2	1
2256.106	11.2	1
2258.544	11.3	1
2260.968	11.3	1
2263.381	11.3	1
2265.782	11.4	1
2268.171	11.4	1
2270.547	11.4	1
2272.912	11.5	1
2275.265	11.5	1
2277.606	11.5	1
2279.936	11.6	1
2282.254	11.6	1
2284.561	11.6	1
2286.856	11.7	1
2289.140	11.7	1
2291.413	11.7	1
2293.675	11.8	1
2295.926	11.8	1
2298.165	11.8	1
2300.394	11.9	1
2302.612	11.9	1
2304.820	11.9	1
2307.017	12	1
2309.203	12	1
2311.379	12	1
2313.544	12.1	1
2315.699	12.1	1
2317.843	12.1	1
2319.978	12.2	1
2322.102	12.2	1
2324.216	12.2	1
2326.320	12.3	1
2328.415	12.3	1
2330.499	12.3	1
2332.574	12.3	1
2334.639	12.4	1
2336.694	12.4	1
2338.739	12.4	1
2340.775	12.5	1
2342.802	12.5	1
2344.819	12.5	1
2346.826	12.6	1
2348.825	12.6	1
2350.814	12.6	1
2352.794	12.7	1
2354.764	12.7	1
2356.726	12.7	1
2358.679	12.8	1
2360.622	12.8	1
2362.557	12.8	1
2364.483	12.8	1
2366.400	12.9	1
2368.308	12.9	1
2370.208	12.9	1
2372.099	13	1
2373.981	13	1
2375.855	13	1
2377.720	13.1	1
2379.577	13.1	1
2381.425	13.1	1
2383.265	13.2	1
2385.097	13.2	1
2386.920	13.2	1
2388.736	13.2	1
2390.543	13.3	1
2392.342	13.3	1
2394.133	13.3	1
2395.916	13.4	1
2397.691	13.4	1
2399.458	13.4	1
2401.217	13.5	1
2402.968	13.5	1
2404.711	13.5	1
2406.447	13.5	1
2408.175	13.6	1
2409.895	13.6	1
2411.608	13.6	1
2413.313	13.7	1
2415.010	13.7	1
2416.700	13.7	1
2418.382	13.8	1
2420.057	13.8	1
2421.725	13.8	1
2423.385	13.8	1
2425.038	13.9	1
2426.684	13.9	1
2428.322	13.9	1
2429.953	14	1
2431.577	14	1
2433.194	14	1
2434.804	14	1
2436.406	14.1	1
2438.002	14.1	1
2439.590	14.1	1
2441.172	14.2	1
2442.747	14.2	1
2444.314	14.2	1
2445.875	14.3	1
2447.429	14.3	1
2448.977	14.3	1
2450.517	14.3	1
2452.051	14.4	1
2453.578	14.4	1
2455.099	14.4	1
2456.612	14.5	1
2458.119	14.5	1
2459.620	14.5	1
2461.114	14.5	1
2462.602	14.6	1
2464.083	14.6	1
2465.557	14.6	1
2467.025	14.7	1
2468.487	14.7	1
2469.942	14.7	1
2471.392	14.7	1
2472.834	14.8	1
2474.271	14.8	1
2475.701	14.8	1
2477.125	14.9	1
2478.543	14.9	1
2479.954	14.9	1
2481.360	14.9	1
2482.759	15	1
2484.152	15	1
2485.539	15	1
2486.920	15.1	1
2488.295	15.1	1
2489.664	15.1	1
2491.028	15.1	1
2492.385	15.2	1
2493.736	15.2	1
2495.081	15.2	1
2496.421	15.3	1
2497.755	15.3	1
2499.082	15.3	1
2500.404	15.3	1
2501.721	15.4	1
2503.031	15.4	1
2504.336	15.4	1
2505.635	15.4	1
2506.928	15.5	1
2508.216	15.5	1
2509.498	15.5	1
2510.775	15.6	1
2512.046	15.6	1
2513.311	15.6	1
2514.571	15.6	1
2515.825	15.7	1
2517.074	15.7	1
2518.317	15.7	1
2519.555	15.8	1
2520.787	15.8	1
2522.014	15.8	1
2523.236	15.8	1
2524.452	15.9	1
2525.663	15.9	1
2526.868	15.9	1
2528.068	15.9	1
2529.263	16	1
2530.453	16	1
2531.637	16	1
2532.816	16.1	1
2533.990	16.1	1
2535.158	16.1	1
2536.322	16.1	1
2537.480	16.2	1
2538.633	16.2	1
2539.781	16.2	1
2540.924	16.2	1
2542.062	16.3	1
2543.194	16.3	1
2544.322	16.3	1
2545.444	16.4	1
2546.562	16.4	1
2547.674	16.4	1
2548.782	16.4	1
2549.885	16.5	1
2550.982	16.5	1
2552.075	16.5	1
2553.163	16.5	1
2554.245	16.6	1
2555.323	16.6	1
2556.396	16.6	1
2557.465	16.6	1
2558.528	16.7	1
2559.587	16.7	1
2560.640	16.7	1
2561.689	16.8	1
2562.733	16.8	1
2563.773	16.8	1
2564.807	16.8	1
2565.837	16.9	1
2566.863	16.9	1
2567.883	16.9	1
2568.899	16.9	1
2569.910	17	1
2570.916	17	1
2571.918	17	1
2572.915	17	1
2573.908	17.1	1
2574.896	17.1	1
2575.879	17.1	1
2576.858	17.2	1
2577.832	17.2	1
2578.802	17.2	1
2579.767	17.2	1
2580.728	17.3	1
2581.684	17.3	1
2582.635	17.3	1
2583.583	17.3	1
2584.525	17.4	1
2585.463	17.4	1
2586.397	17.4	1
2587.327	17.4	1
2588.252	17.5	1
2589.172	17.5	1
2590.088	17.5	1
2591.000	17.5	1
2591.907	17.6	1
2592.810	17.6	1
2593.709	17.6	1
2594.604	17.6	1
2595.494	17.7	1
2596.379	17.7	1
2597.261	17.7	1
2598.138	17.8	1
2599.011	17.8	1
2599.880	17.8	1
2600.744	17.8	1
2601.604	17.9	1
2602.460	17.9	1
2603.312	17.9	1
2604.159	17.9	1
2605.003	18	1
2605.842	18	1
2606.677	18	1
2607.508	18	1
2608.334	18.1	1
2609.157	18.1	1
2609.975	18.1	1
2610.790	18.1	1
2611.600	18.2	1
2612.406	18.2	1
2613.208	18.2	1
2614.006	18.3	1
2614.800	18.3	1
2615.590	18.3	1
2616.376	18.3	1
2617.158	18.4	1
2617.935	18.4	1
2618.709	18.4	1
2619.479	18.4	1
2620.245	18.5	1
2621.007	18.5	1
2621.764	18.5	1
2622.518	18.5	1
2623.268	18.6	1
2624.014	18.6	1
2624.756	18.6	1
2625.494	18.6	1
2626.229	18.7	1
2626.959	18.7	1
2627.685	18.7	1
2628.408	18.7	1
2629.127	18.8	1
2629.841	18.8	1
2630.552	18.8	1
2631.259	18.8	1
2631.963	18.9	1
2632.662	18.9	1
2633.358	18.9	1
2634.049	18.9	1
2634.737	19	1
2635.421	19	1
2636.102	19	1
2636.778	19	1
2637.451	19.1	1
2638.120	19.1	1
2638.785	19.1	1
2639.447	19.1	1
2640.105	19.2	1
2640.759	19.2	1
2641.409	19.2	1
2642.056	19.2	1
2642.699	19.3	1
2643.338	19.3	1
2643.974	19.3	1
2644.605	19.3	1
2645.234	19.4	1
2645.858	19.4	1
2646.479	19.4	1
2647.096	19.4	1
2647.710	19.5	1
2648.320	19.5	1
2648.926	19.5	1
2649.529	19.5	1
2650.128	19.6	1
2650.723	19.6	1
2651.315	19.6	1
2651.903	19.6	1
2652.488	19.7	1
2653.069	19.7	1
2653.646	19.7	1
2654.220	19.7	1
2654.791	19.7	1
2655.357	19.8	1
2655.921	19.8	1
2656.480	19.8	1
2657.037	19.8	1
2657.589	19.9	1
2658.139	19.9	1
2658.684	19.9	1
2659.226	19.9	1
2659.765	20	1
2660.300	20	1
2660.832	20	1
2661.360	20	1
2661.885	20.1	1
2662.406	20.1	1
2662.924	20.1	1
2663.438	20.1	1
2663.949	20.2	1
2664.457	20.2	1
2664.961	20.2	1
2665.462	20.2	1
2665.959	20.3	1
2666.453	20.3	1
2666.943	20.3	1
2667.430	20.3	1
2667.914	20.4	1
2668.394	20.4	1
2668.871	20.4	1
2669.344	20.4	1
2669.814	20.5	1
2670.281	20.5	1
2670.744	20.5	1
2671.204	20.5	1
2671.661	20.5	1
2672.114	20.6	1
2672.564	20.6	1
2673.011	20.6	1
2673.454	20.6	1
2673.894	20.7	1
2674.331	20.7	1
2674.765	20.7	1
2675.195	20.7	1
2675.621	20.8	1
2676.045	20.8	1
2676.465	20.8	1
2676.882	20.8	1
2677.296	20.9	1
2677.706	20.9	1
2678.113	20.9	1
2678.517	20.9	1
2678.918	21	1
2679.315	21	1
2679.709	21	1
2680.100	21	1
2680.488	21	1
2680.872	21.1	1
2681.253	21.1	1
2681.631	21.1	1
2682.006	21.1	1
2682.378	21.2	1
2682.746	21.2	1
2683.111	21.2	1
2683.473	21.2	1
2683.832	21.3	1
2684.188	21.3	1
2684.540	21.3	1
2684.889	21.3	1
2685.235	21.4	1
2685.578	21.4	1
2685.918	21.4	1
2686.255	21.4	1
2686.588	21.5	1
2686.918	21.5	1
2687.246	21.5	1
2687.570	21.5	1
2687.891	21.5	1
2688.208	21.6	1
2688.523	21.6	1
2688.835	21.6	1
2689.143	21.6	1
2689.448	21.7	1
2689.750	21.7	1
2690.050	21.7	1
2690.346	21.7	1
2690.638	21.8	1
2690.928	21.8	1
2691.215	21.8	1
2691.499	21.8	1
2691.779	21.8	1
2692.057	21.9	1
2692.331	21.9	1
2692.603	21.9	1
2692.871	21.9	1
2693.136	22	1
2693.398	22	1
2693.658	22	1
2693.914	22	1
2694.167	22.1	1
2694.417	22.1	1
2694.664	22.1	1
2694.908	22.1	1
2695.149	22.1	1
2695.387	22.2	1
2695.622	22.2	1
2695.854	22.2	1
2696.083	22.2	1
2696.309	22.3	1
2696.532	22.3	1
2696.752	22.3	1
2696.969	22.3	1
2697.183	22.4	1
2697.394	22.4	1
2697.602	22.4	1
2697.807	22.4	1
2698.009	22.4	1
2698.208	22.5	1
2698.404	22.5	1
2698.597	22.5	1
2698.787	22.5	1
2698.975	22.6	1
2699.159	22.6	1
2699.340	22.6	1
2699.519	22.6	1
2699.694	22.7	1
2699.867	22.7	1
2700.036	22.7	1
2700.203	22.7	1
2700.367	22.7	1
2700.528	22.8	1
2700.685	22.8	1
2700.840	22.8	1
2700.992	22.8	1
2701.142	22.9	1
2701.288	22.9	1
2701.431	22.9	1
2701.572	22.9	1
2701.709	23	1
2701.844	23	1
2701.976	23	1
2702.105	23	1
2702.231	23	1
2702.354	23.1	1
2702.474	23.1	1
2702.591	23.1	1
2702.706	23.1	1
2702.818	23.2	1
2702.926	23.2	1
2703.032	23.2	1
2703.135	23.2	1
2703.236	23.2	1
2703.333	23.3	1
2703.428	23.3	1
2703.519	23.3	1
2703.608	23.3	1
2703.694	23.4	1
2703.777	23.4	1
2703.857	23.4	1
2703.935	23.4	1
2704.010	23.4	1
2704.081	23.5	1
2704.150	23.5	1
2704.217	23.5	1
2704.280	23.5	1
2704.341	23.6	1
2704.398	23.6	1
2704.453	23.6	1
2704.505	23.6	1
2704.555	23.6	1
2704.601	23.7	1
2704.645	23.7	1
2704.686	23.7	1
2704.724	23.7	1
2704.759	23.8	1
2704.792	23.8	1
2704.822	23.8	1
2704.849	23.8	1
2704.873	23.8	1
2704.895	23.9	1
2704.913	23.9	1
2704.929	23.9	1
2704.942	23.9	1
2704.953	24	1
2704.960	24	1
2704.965	24	1
