0.000	0	0
24.091	0.1	0
52.775	0.1	0
81.116	0.2	0
109.200	0.3	0
137.101	0.3	0
164.730	0.4	0
192.156	0.4	0
219.385	0.5	0
246.374	0.6	0
273.160	0.6	0
299.752	0.7	0
326.135	0.8	0
352.308	0.8	0
378.291	0.9	0
404.084	0.9	0
429.682	1	0
455.083	1.1	0
480.301	1.1	0
505.337	1.2	0
530.193	1.3	0
554.870	1.3	0
579.362	1.4	0
603.682	1.4	0
627.830	1.5	0
651.809	1.6	0
675.620	1.6	0
699.266	1.7	0
722.749	1.7	0
746.070	1.8	0
769.231	1.9	0
792.233	1.9	0
815.079	2	0
837.772	2.1	0
860.312	2.1	0
882.704	2.2	0
904.947	2.2	0
927.044	2.3	0
948.997	2.3	0
970.807	2.4	0
992.475	2.5	0
1014.003	2.5	0
1035.394	2.6	0
1056.648	2.6	0
1077.768	2.7	0
1098.756	2.8	0
1119.612	2.8	0
1140.338	2.9	0
1160.936	2.9	0
1181.408	3	0
1201.754	3	0
1221.973	3.1	0
1242.071	3.2	0
1262.047	3.2	0
1281.905	3.3	0
1301.644	3.3	0
1321.264	3.4	0
1340.767	3.5	0
1360.157	3.5	0
1379.434	3.6	0
1398.597	3.6	0
1417.648	3.7	0
1436.591	3.7	0
1455.425	3.8	0
1474.150	3.9	0
1492.768	3.9	0
1511.282	4	0
1529.692	4	0
1547.996	4.1	0
1566.200	4.1	0
1584.303	4.2	0
1602.304	4.3	0
1620.207	4.3	0
1638.012	4.4	0
1655.718	4.4	0
1673.331	4.5	0
1690.845	4.5	0
1708.267	4.6	0
1725.595	4.6	0
1742.830	4.7	0
1759.976	4.8	0
1777.027	4.8	0
1793.992	4.9	0
1810.865	4.9	0
1827.652	5	0
1844.351	5	0
1860.963	5.1	0
1877.490	5.1	0
1893.932	5.2	0
1910.290	5.3	0
1926.565	5.3	0
1942.756	5.4	0
1958.867	5.4	0
1974.896	5.5	0
1990.846	5.5	0
2006.715	5.6	0
2022.507	5.6	0
2038.218	5.7	0
2053.854	5.7	0
2069.412	5.8	0
2084.894	5.9	0
2100.302	5.9	0
2115.634	6	0
2130.892	6	0
2146.077	6.1	0
2161.189	6.1	0
2176.230	6.2	0
2191.198	6.2	0
2206.095	6.3	0
2220.923	6.3	0
2235.680	6.4	0
2250.369	6.4	0
2264.989	6.5	0
2279.541	6.6	0
2294.025	6.6	0
2308.444	6.7	0
2322.795	6.7	0
2337.080	6.8	0
2351.301	6.8	0
2365.458	6.9	0
2379.549	6.9	0
2393.577	7	0
2407.542	7	0
2421.446	7.1	0
2435.286	7.1	0
2449.064	7.2	0
2462.782	7.2	0
2476.440	7.3	0
2490.037	7.3	0
2503.574	7.4	0
2517.052	7.4	0
2530.471	7.5	0
2543.833	7.5	0
2557.136	7.6	0
2570.383	7.7	0
2583.571	7.7	0
2596.703	7.8	0
2609.780	7.8	0
2622.801	7.9	0
2635.766	7.9	0
2648.677	8	0
2661.534	8	0
2674.336	8.1	0
2687.084	8.1	0
2699.779	8.2	0
2712.422	8.2	0
2725.012	8.3	0
2737.550	8.3	0
2750.037	8.4	0
2762.472	8.4	0
2774.856	8.5	0
2787.190	8.5	0
2799.473	8.6	0
2811.707	8.6	0
2823.891	8.7	0
2836.026	8.7	0
2848.113	8.8	0
2860.150	8.8	0
2872.140	8.9	0
2884.082	8.9	0
2895.976	9	0
2907.824	9	0
2919.624	9.1	0
2931.378	9.1	0
2943.086	9.2	0
2954.748	9.2	0
2966.365	9.3	0
2977.936	9.3	0
2989.462	9.4	0
3000.944	9.4	0
3012.382	9.5	0
3023.775	9.5	0
3035.125	9.6	0
3046.431	9.6	0
3057.695	9.7	0
3068.915	9.7	0
3080.093	9.8	0
3091.228	9.8	0
3102.322	9.9	0
3113.373	9.9	0
3124.383	10	0
3135.352	10	0
3146.280	10.1	0
3157.168	10.1	0
3168.015	10.2	0
3178.821	10.2	0
3189.588	10.2	0
3200.315	10.3	0
3211.002	10.3	0
3221.651	10.4	0
3232.261	10.4	0
3242.831	10.5	0
3253.363	10.5	0
3263.857	10.6	0
3274.313	10.6	0
3284.732	10.7	0
3295.113	10.7	0
3305.456	10.8	0
3315.762	10.8	0
3326.032	10.9	0
3336.265	10.9	0
3346.461	11	0
3356.622	11	0
3366.746	11.1	0
3376.835	11.1	0
3386.887	11.2	0
3396.905	11.2	0
3406.888	11.3	0
3416.835	11.3	0
3426.748	11.3	0
3436.626	11.4	0
3446.470	11.4	0
3456.280	11.5	0
3466.056	11.5	0
3475.798	11.6	0
3485.506	11.6	0
3495.181	11.7	0
3504.823	11.7	0
3514.432	11.8	0
3524.008	11.8	0
3533.552	11.9	0
3543.063	11.9	0
3552.542	12	0
3561.989	12	0
3571.404	12	0
3580.786	12.1	0
3590.138	12.1	0
3599.458	12.2	0
3608.747	12.2	0
3618.005	12.3	0
3627.232	12.3	0
3636.428	12.4	0
3645.594	12.4	0
3654.729	12.5	0
3663.835	12.5	0
3672.909	12.6	0
3681.955	12.6	0
3690.970	12.6	0
3699.956	12.7	0
3708.912	12.7	0
3717.839	12.8	0
3726.737	12.8	0
3735.606	12.9	0
3744.446	12.9	0
3753.257	13	0
3762.040	13	0
3770.795	13.1	0
3779.521	13.1	0
3788.219	13.1	0
3796.889	13.2	0
3805.532	13.2	0
3814.146	13.3	0
3822.734	13.3	0
3831.293	13.4	0
3839.826	13.4	0
3848.331	13.5	0
3856.809	13.5	0
3865.261	13.6	0
3873.686	13.6	0
3882.083	13.6	0
3890.455	13.7	0
3898.800	13.7	0
3907.120	13.8	0
3915.412	13.8	0
3923.680	13.9	0
3931.920	13.9	0
3940.136	14	0
3948.326	14	0
3956.490	14	0
3964.629	14.1	0
3972.743	14.1	0
3980.832	14.2	0
3988.895	14.2	0
3996.934	14.3	0
4004.948	14.3	0
4012.937	14.4	0
4020.902	14.4	0
4028.842	14.4	0
4036.759	14.5	0
4044.650	14.5	0
4052.518	14.6	0
4060.362	14.6	0
4068.182	14.7	0
4075.978	14.7	0
4083.750	14.8	0
4091.499	14.8	0
4099.225	14.8	0
4106.927	14.9	0
4114.606	14.9	0
4122.261	15	0
4129.894	15	0
4137.504	15.1	0
4145.091	15.1	0
4152.655	15.1	0
4160.197	15.2	0
4167.715	15.2	0
4175.212	15.3	0
4182.686	15.3	0
4190.138	15.4	0
4197.568	15.4	0
4204.976	15.5	0
4212.361	15.5	0
4219.725	15.5	0
4227.068	15.6	0
4234.388	15.6	0
4241.687	15.7	0
4248.964	15.7	0
4256.220	15.8	0
4263.454	15.8	0
4270.668	15.8	0
4277.860	15.9	0
4285.031	15.9	0
4292.181	16	0
4299.311	16	0
4306.419	16.1	0
4313.507	16.1	0
4320.574	16.1	0
4327.620	16.2	0
4334.646	16.2	0
4341.652	16.3	0
4348.637	16.3	0
4355.602	16.3	0
4362.547	16.4	0
4369.472	16.4	0
4376.376	16.5	0
4383.262	16.5	0
4390.127	16.6	0
4396.972	16.6	0
4403.797	16.6	0
4410.603	16.7	0
4417.390	16.7	0
4424.157	16.8	0
4430.905	16.8	0
4437.633	16.9	0
4444.342	16.9	0
4451.032	16.9	0
4457.703	17	0
4464.355	17	0
4470.987	17.1	0
4477.601	17.1	0
4484.197	17.1	0
4490.773	17.2	0
4497.331	17.2	0
