0.000	0	59
56.788	0.1	56
118.256	0.2	54
177.234	0.3	52
234.159	0.4	50
289.109	0.5	48
342.186	0.6	47
393.518	0.7	45
443.223	0.7	44
491.386	0.8	42
538.090	0.9	41
583.430	1	40
627.483	1.1	39
670.300	1.2	38
711.955	1.3	36
752.505	1.3	36
792.006	1.4	35
830.500	1.5	34
868.047	1.6	33
904.687	1.7	32
940.450	1.8	31
975.386	1.8	31
1009.528	1.9	30
1042.910	2	29
1075.565	2.1	29
1107.521	2.2	28
1138.806	2.2	28
1169.443	2.3	27
1199.462	2.4	26
1228.887	2.5	26
1257.737	2.5	25
1286.033	2.6	25
1313.800	2.7	24
1341.047	2.8	24
1367.804	2.8	24
1394.077	2.9	23
1419.890	3	23
1445.257	3.1	22
1470.187	3.1	22
1494.700	3.2	22
1518.809	3.3	21
1542.525	3.4	21
1565.858	3.4	21
1588.822	3.5	20
1611.428	3.6	20
1633.688	3.6	20
1655.609	3.7	19
1677.203	3.8	19
1698.479	3.8	19
1719.445	3.9	19
1740.111	4	18
1760.483	4	18
1780.569	4.1	18
1800.378	4.2	18
1819.919	4.3	17
1839.196	4.3	17
1858.215	4.4	17
1876.986	4.5	17
1895.513	4.5	17
1913.801	4.6	16
1931.860	4.7	16
1949.690	4.7	16
1967.301	4.8	16
1984.695	4.8	16
2001.880	4.9	16
2018.857	5	15
2035.635	5	15
2052.215	5.1	15
2068.604	5.2	15
2084.805	5.2	15
2100.822	5.3	15
2116.658	5.4	14
2132.320	5.4	14
2147.809	5.5	14
2163.129	5.5	14
2178.283	5.6	14
2193.277	5.7	14
2208.112	5.7	14
2222.792	5.8	13
2237.319	5.8	13
2251.698	5.9	13
2265.930	6	13
2280.018	6	13
2293.966	6.1	13
2307.776	6.2	13
2321.451	6.2	13
2334.992	6.3	13
2348.404	6.3	12
2361.687	6.4	12
2374.844	6.4	12
2387.878	6.5	12
2400.791	6.6	12
2413.585	6.6	12
2426.262	6.7	12
2438.824	6.7	12
2451.273	6.8	12
2463.611	6.9	12
2475.840	6.9	11
2487.962	7	11
2499.977	7	11
2511.889	7.1	11
2523.700	7.1	11
2535.409	7.2	11
2547.020	7.3	11
2558.534	7.3	11
2569.952	7.4	11
2581.276	7.4	11
2592.507	7.5	11
2603.647	7.5	11
2614.697	7.6	10
2625.658	7.6	10
2636.533	7.7	10
2647.321	7.8	10
2658.026	7.8	10
2668.646	7.9	10
2679.185	7.9	10
2689.643	8	10
2700.021	8	10
2710.321	8.1	10
2720.543	8.1	10
2730.689	8.2	10
2740.760	8.2	10
2750.756	8.3	10
2760.680	8.3	10
2770.531	8.4	10
2780.311	8.5	9
2790.021	8.5	9
2799.661	8.6	9
2809.233	8.6	9
2818.738	8.7	9
2828.176	8.7	9
2837.549	8.8	9
2846.856	8.8	9
2856.100	8.9	9
2865.281	8.9	9
2874.399	9	9
2883.456	9	9
2892.452	9.1	9
2901.388	9.1	9
2910.264	9.2	9
2919.083	9.2	9
2927.843	9.3	9
2936.546	9.3	9
2945.193	9.4	9
2953.785	9.4	9
2962.321	9.5	8
2970.802	9.5	8
2979.230	9.6	8
2987.605	9.6	8
2995.927	9.7	8
3004.198	9.7	8
3012.417	9.8	8
3020.585	9.8	8
3028.704	9.9	8
3036.772	9.9	8
3044.792	10	8
3052.763	10	8
3060.686	10.1	8
3068.562	10.1	8
3076.391	10.2	8
3084.174	10.2	8
3091.910	10.3	8
3099.602	10.3	8
3107.248	10.4	8
3114.851	10.4	8
3122.409	10.5	8
3129.924	10.5	8
3137.395	10.6	8
3144.824	10.6	8
3152.211	10.7	8
3159.557	10.7	8
3166.861	10.8	8
3174.124	10.8	8
3181.347	10.9	7
3188.530	10.9	7
3195.673	11	7
3202.777	11	7
3209.842	11.1	7
3216.869	11.1	7
3223.858	11.1	7
3230.808	11.2	7
3237.722	11.2	7
3244.599	11.3	7
3251.439	11.3	7
3258.242	11.4	7
3265.010	11.4	7
3271.742	11.5	7
3278.439	11.5	7
3285.101	11.6	7
3291.729	11.6	7
3298.322	11.7	7
3304.881	11.7	7
3311.406	11.8	7
3317.899	11.8	7
3324.357	11.8	7
3330.784	11.9	7
3337.178	11.9	7
3343.539	12	7
3349.869	12	7
3356.167	12.1	7
3362.434	12.1	7
3368.670	12.2	7
3374.875	12.2	7
3381.049	12.3	7
3387.193	12.3	7
3393.307	12.3	7
3399.392	12.4	7
3405.446	12.4	7
3411.472	12.5	7
3417.468	12.5	7
3423.436	12.6	7
3429.376	12.6	7
3435.287	12.7	7
3441.170	12.7	7
3447.025	12.7	7
3452.852	12.8	6
3458.652	12.8	6
3464.425	12.9	6
3470.171	12.9	6
3475.890	13	6
3481.583	13	6
3487.249	13.1	6
3492.890	13.1	6
3498.504	13.1	6
3504.093	13.2	6
3509.656	13.2	6
3515.194	13.3	6
3520.706	13.3	6
3526.194	13.4	6
3531.657	13.4	6
3537.096	13.4	6
3542.510	13.5	6
3547.900	13.5	6
3553.265	13.6	6
3558.608	13.6	6
3563.926	13.7	6
3569.221	13.7	6
3574.493	13.7	6
3579.741	13.8	6
3584.967	13.8	6
3590.169	13.9	6
3595.349	13.9	6
3600.507	14	6
3605.642	14	6
3610.755	14	6
3615.846	14.1	6
3620.916	14.1	6
3625.963	14.2	6
3630.989	14.2	6
3635.993	14.3	6
3640.977	14.3	6
3645.939	14.3	6
3650.880	14.4	6
3655.800	14.4	6
3660.700	14.5	6
3665.579	14.5	6
3670.437	14.5	6
3675.276	14.6	6
3680.094	14.6	6
3684.892	14.7	6
3689.670	14.7	6
3694.429	14.8	6
3699.168	14.8	6
3703.887	14.8	6
3708.588	14.9	6
3713.268	14.9	6
3717.930	15	6
3722.572	15	6
3727.196	15	6
3731.801	15.1	6
3736.387	15.1	6
3740.955	15.2	6
3745.505	15.2	6
3750.036	15.2	6
3754.549	15.3	6
3759.044	15.3	6
3763.520	15.4	6
3767.979	15.4	6
3772.420	15.5	6
3776.844	15.5	6
3781.250	15.5	6
3785.638	15.6	6
3790.010	15.6	6
3794.364	15.7	6
3798.700	15.7	6
3803.020	15.7	6
3807.323	15.8	6
3811.609	15.8	6
3815.878	15.9	6
3820.131	15.9	6
3824.367	15.9	6
3828.587	16	6
3832.790	16	6
3836.977	16.1	6
3841.148	16.1	6
3845.302	16.1	6
3849.441	16.2	6
3853.564	16.2	6
3857.671	16.2	6
3861.762	16.3	5
3865.838	16.3	5
3869.898	16.4	5
3873.942	16.4	5
3877.972	16.4	5
3881.985	16.5	5
3885.984	16.5	5
3889.968	16.6	5
3893.936	16.6	5
3897.889	16.6	5
3901.828	16.7	5
3905.752	16.7	5
3909.661	16.8	5
3913.555	16.8	5
3917.434	16.8	5
3921.299	16.9	5
3925.150	16.9	5
3928.986	17	5
3932.808	17	5
3936.616	17	5
3940.410	17.1	5
3944.189	17.1	5
3947.955	17.1	5
3951.706	17.2	5
3955.444	17.2	5
3959.168	17.3	5
3962.878	17.3	5
3966.574	17.3	5
3970.257	17.4	5
3973.926	17.4	5
3977.582	17.5	5
3981.224	17.5	5
3984.853	17.5	5
3988.469	17.6	5
3992.071	17.6	5
3995.661	17.6	5
3999.237	17.7	5
4002.800	17.7	5
4006.350	17.8	5
4009.888	17.8	5
4013.412	17.8	5
4016.924	17.9	5
4020.423	17.9	5
4023.909	18	5
4027.382	18	5
4030.843	18	5
4034.292	18.1	5
4037.728	18.1	5
4041.152	18.1	5
4044.563	18.2	5
4047.962	18.2	5
4051.349	18.3	5
4054.723	18.3	5
4058.086	18.3	5
4061.436	18.4	5
4064.775	18.4	5
4068.101	18.4	5
4071.416	18.5	5
4074.718	18.5	5
4078.009	18.5	5
4081.288	18.6	5
4084.555	18.6	5
4087.811	18.7	5
4091.055	18.7	5
4094.288	18.7	5
4097.509	18.8	5
4100.718	18.8	5
4103.916	18.8	5
4107.103	18.9	5
4110.278	18.9	5
4113.442	19	5
4116.595	19	5
4119.737	19	5
4122.867	19.1	5
4125.987	19.1	5
4129.095	19.1	5
4132.192	19.2	5
4135.279	19.2	5
4138.354	19.2	5
4141.419	19.3	5
4144.472	19.3	5
4147.515	19.4	5
4150.547	19.4	5
4153.569	19.4	5
4156.579	19.5	5
4159.580	19.5	5
4162.569	19.5	5
4165.548	19.6	5
4168.516	19.6	5
4171.474	19.6	5
4174.422	19.7	5
4177.359	19.7	5
4180.286	19.8	5
4183.202	19.8	5
4186.108	19.8	5
4189.004	19.9	5
4191.890	19.9	5
4194.765	19.9	5
4197.631	20	5
4200.486	20	5
4203.331	20	5
4206.166	20.1	5
4208.992	20.1	5
4211.807	20.1	5
4214.612	20.2	5
4217.408	20.2	5
4220.193	20.3	5
4222.969	20.3	5
4225.735	20.3	5
4228.491	20.4	5
4231.238	20.4	5
4233.975	20.4	5
4236.702	20.5	5
4239.420	20.5	5
4242.128	20.5	5
4244.826	20.6	5
4247.515	20.6	5
4250.195	20.6	5
4252.865	20.7	5
4255.526	20.7	5
4258.177	20.7	5
4260.819	20.8	5
4263.451	20.8	5
4266.074	20.8	5
4268.688	20.9	5
4271.293	20.9	5
4273.889	21	5
4276.475	21	5
4279.052	21	5
4281.620	21.1	5
4284.179	21.1	5
4286.729	21.1	5
4289.270	21.2	5
4291.802	21.2	5
4294.325	21.2	5
4296.839	21.3	5
4299.344	21.3	5
4301.840	21.3	5
4304.328	21.4	5
4306.806	21.4	5
4309.276	21.4	5
4311.737	21.5	5
4314.189	21.5	5
4316.632	21.5	5
4319.067	21.6	5
4321.493	21.6	5
4323.910	21.6	5
4326.319	21.7	5
4328.719	21.7	5
4331.110	21.7	5
4333.493	21.8	5
4335.868	21.8	5
4338.234	21.8	5
4340.591	21.9	5
4342.940	21.9	5
4345.281	22	5
4347.613	22	5
4349.937	22	5
4352.252	22.1	5
4354.559	22.1	5
4356.858	22.1	5
4359.148	22.2	5
4361.431	22.2	5
4363.704	22.2	5
4365.970	22.3	5
4368.228	22.3	5
4370.477	22.3	5
4372.718	22.4	5
4374.951	22.4	5
4377.176	22.4	5
4379.393	22.5	5
4381.602	22.5	5
4383.803	22.5	5
4385.996	22.6	5
4388.180	22.6	5
4390.357	22.6	5
4392.526	22.7	5
4394.687	22.7	5
4396.840	22.7	5
4398.985	22.8	5
4401.122	22.8	5
4403.251	22.8	5
4405.373	22.9	5
4407.486	22.9	5
4409.592	22.9	5
4411.690	23	5
4413.781	23	5
4415.863	23	5
4417.938	23.1	5
4420.005	23.1	5
4422.065	23.1	5
4424.117	23.2	5
4426.161	23.2	5
4428.197	23.2	5
4430.226	23.3	5
4432.247	23.3	5
4434.261	23.3	5
4436.267	23.4	5
4438.266	23.4	5
4440.257	23.4	5
4442.241	23.5	5
4444.217	23.5	5
4446.186	23.5	5
4448.147	23.6	5
4450.101	23.6	5
4452.047	23.6	5
4453.986	23.7	5
4455.918	23.7	5
4457.842	23.7	5
4459.759	23.8	5
4461.669	23.8	5
4463.571	23.8	5
4465.466	23.9	5
4467.354	23.9	5
4469.234	23.9	5
4471.108	24	5
4472.974	24	5
4474.832	24	5
4476.684	24	5
4478.528	24.1	5
4480.366	24.1	5
4482.196	24.1	5
4484.019	24.2	5
4485.834	24.2	5
4487.643	24.2	5
4489.445	24.3	5
4491.239	24.3	5
4493.027	24.3	5
4494.807	24.4	5
4496.581	24.4	5
4498.347	24.4	5
