0.000	0	0
12.007	0	0
27.573	0.1	0
43.033	0.1	0
58.353	0.2	0
73.616	0.2	0
88.843	0.3	0
103.993	0.3	0
119.072	0.4	0
134.111	0.4	0
149.084	0.5	0
163.989	0.5	0
178.850	0.6	0
193.646	0.6	0
208.381	0.7	0
223.071	0.7	0
237.693	0.7	0
252.261	0.8	0
266.784	0.8	0
281.235	0.9	0
295.640	0.9	0
309.992	1	0
324.283	1	0
338.530	1.1	0
352.713	1.1	0
366.848	1.2	0
380.932	1.2	0
394.958	1.3	0
408.940	1.3	0
422.861	1.3	0
436.736	1.4	0
450.558	1.4	0
464.329	1.5	0
478.053	1.5	0
491.721	1.6	0
505.347	1.6	0
518.914	1.7	0
532.440	1.7	0
545.911	1.8	0
559.337	1.8	0
572.713	1.8	0
586.042	1.9	0
599.322	1.9	0
612.555	2	0
625.742	2	0
638.881	2.1	0
651.974	2.1	0
665.020	2.2	0
678.021	2.2	0
690.975	2.2	0
703.885	2.3	0
716.749	2.3	0
729.568	2.4	0
742.343	2.4	0
755.072	2.5	0
767.759	2.5	0
780.400	2.6	0
793.000	2.6	0
805.554	2.6	0
818.068	2.7	0
830.535	2.7	0
842.963	2.8	0
855.346	2.8	0
867.689	2.9	0
879.989	2.9	0
892.247	3	0
904.466	3	0
916.640	3	0
928.777	3.1	0
940.870	3.1	0
952.924	3.2	0
964.939	3.2	0
976.912	3.3	0
988.847	3.3	0
1000.741	3.4	0
1012.596	3.4	0
1024.413	3.4	0
1036.189	3.5	0
1047.928	3.5	0
1059.628	3.6	0
1071.289	3.6	0
1082.914	3.7	0
1094.499	3.7	0
1106.046	3.7	0
1117.559	3.8	0
1129.031	3.8	0
1140.467	3.9	0
1151.868	3.9	0
1163.230	4	0
1174.556	4	0
1185.848	4	0
1197.101	4.1	0
1208.319	4.1	0
1219.503	4.2	0
1230.649	4.2	0
1241.761	4.3	0
1252.839	4.3	0
1263.880	4.4	0
1274.887	4.4	0
1285.860	4.4	0
1296.798	4.5	0
1307.701	4.5	0
1318.571	4.6	0
1329.408	4.6	0
1340.210	4.7	0
1350.978	4.7	0
1361.714	4.7	0
1372.417	4.8	0
1383.085	4.8	0
1393.722	4.9	0
1404.326	4.9	0
1414.898	5	0
1425.435	5	0
1435.942	5	0
1446.417	5.1	0
1456.860	5.1	0
1467.270	5.2	0
1477.650	5.2	0
1487.998	5.2	0
1498.315	5.3	0
1508.601	5.3	0
1518.855	5.4	0
1529.079	5.4	0
1539.272	5.5	0
1549.436	5.5	0
1559.567	5.5	0
1569.669	5.6	0
1579.741	5.6	0
1589.784	5.7	0
1599.797	5.7	0
1609.779	5.8	0
1619.732	5.8	0
1629.656	5.8	0
1639.550	5.9	0
1649.416	5.9	0
1659.253	6	0
1669.061	6	0
1678.839	6	0
1688.590	6.1	0
1698.312	6.1	0
1708.006	6.2	0
1717.672	6.2	0
1727.310	6.3	0
1736.919	6.3	0
1746.501	6.3	0
1756.055	6.4	0
1765.582	6.4	0
1775.082	6.5	0
1784.554	6.5	0
1793.999	6.5	0
1803.417	6.6	0
1812.808	6.6	0
1822.172	6.7	0
1831.510	6.7	0
1840.821	6.7	0
1850.105	6.8	0
1859.364	6.8	0
1868.596	6.9	0
1877.802	6.9	0
1886.983	6.9	0
1896.137	7	0
1905.265	7	0
1914.368	7.1	0
1923.445	7.1	0
1932.497	7.2	0
1941.523	7.2	0
1950.524	7.2	0
1959.501	7.3	0
1968.452	7.3	0
1977.379	7.4	0
1986.280	7.4	0
1995.157	7.4	0
2004.010	7.5	0
2012.838	7.5	0
2021.642	7.6	0
2030.421	7.6	0
2039.176	7.6	0
2047.908	7.7	0
2056.615	7.7	0
2065.298	7.8	0
2073.958	7.8	0
2082.594	7.8	0
2091.206	7.9	0
2099.795	7.9	0
2108.361	8	0
2116.903	8	0
2125.422	8	0
2133.918	8.1	0
2142.391	8.1	0
2150.841	8.2	0
2159.269	8.2	0
2167.673	8.2	0
2176.055	8.3	0
2184.415	8.3	0
2192.752	8.4	0
2201.066	8.4	0
2209.359	8.4	0
2217.629	8.5	0
2225.877	8.5	0
2234.103	8.6	0
2242.307	8.6	0
2250.489	8.6	0
2258.650	8.7	0
2266.789	8.7	0
2274.906	8.8	0
2283.002	8.8	0
2291.077	8.8	0
2299.130	8.9	0
2307.162	8.9	0
2315.173	9	0
2323.162	9	0
2331.131	9	0
2339.079	9.1	0
2347.005	9.1	0
2354.911	9.1	0
2362.797	9.2	0
2370.661	9.2	0
2378.505	9.3	0
2386.329	9.3	0
2394.133	9.3	0
2401.916	9.4	0
2409.679	9.4	0
2417.421	9.5	0
2425.144	9.5	0
2432.846	9.5	0
2440.529	9.6	0
2448.191	9.6	0
2455.834	9.7	0
2463.457	9.7	0
2471.061	9.7	0
2478.645	9.8	0
2486.210	9.8	0
2493.754	9.8	0
2501.280	9.9	0
2508.786	9.9	0
2516.273	10	0
2523.741	10	0
2531.190	10	0
2538.620	10.1	0
2546.030	10.1	0
2553.422	10.2	0
2560.795	10.2	0
2568.150	10.2	0
2575.485	10.3	0
2582.802	10.3	0
2590.100	10.3	0
2597.380	10.4	0
2604.642	10.4	0
2611.885	10.5	0
2619.110	10.5	0
2626.316	10.5	0
2633.504	10.6	0
2640.674	10.6	0
2647.826	10.7	0
2654.960	10.7	0
2662.076	10.7	0
2669.174	10.8	0
2676.255	10.8	0
2683.317	10.8	0
2690.362	10.9	0
2697.389	10.9	0
2704.399	11	0
2711.391	11	0
2718.365	11	0
2725.323	11.1	0
2732.262	11.1	0
2739.185	11.1	0
2746.090	11.2	0
2752.978	11.2	0
2759.849	11.3	0
2766.703	11.3	0
2773.539	11.3	0
2780.359	11.4	0
2787.162	11.4	0
2793.948	11.4	0
2800.717	11.5	0
2807.470	11.5	0
2814.205	11.6	0
2820.924	11.6	0
2827.627	11.6	0
2834.313	11.7	0
2840.982	11.7	0
2847.635	11.7	0
2854.272	11.8	0
2860.892	11.8	0
2867.496	11.9	0
2874.083	11.9	0
2880.655	11.9	0
2887.210	12	0
2893.749	12	0
2900.273	12	0
2906.780	12.1	0
2913.271	12.1	0
2919.746	12.2	0
2926.206	12.2	0
2932.650	12.2	0
2939.078	12.3	0
2945.490	12.3	0
2951.886	12.3	0
2958.267	12.4	0
2964.633	12.4	0
2970.983	12.4	0
2977.317	12.5	0
2983.636	12.5	0
2989.940	12.6	0
2996.228	12.6	0
3002.501	12.6	0
3008.759	12.7	0
3015.001	12.7	0
3021.228	12.7	0
3027.441	12.8	0
3033.637	12.8	0
3039.820	12.9	0
3045.987	12.9	0
3052.139	12.9	0
3058.276	13	0
3064.399	13	0
3070.506	13	0
3076.599	13.1	0
3082.677	13.1	0
3088.740	13.1	0
3094.789	13.2	0
3100.823	13.2	0
3106.843	13.3	0
3112.848	13.3	0
3118.838	13.3	0
3124.814	13.4	0
3130.776	13.4	0
3136.723	13.4	0
3142.656	13.5	0
3148.575	13.5	0
3154.479	13.5	0
3160.370	13.6	0
3166.246	13.6	0
3172.108	13.6	0
3177.955	13.7	0
3183.789	13.7	0
3189.609	13.8	0
3195.414	13.8	0
3201.206	13.8	0
3206.984	13.9	0
3212.748	13.9	0
3218.498	13.9	0
3224.235	14	0
3229.957	14	0
3235.666	14	0
3241.362	14.1	0
3247.043	14.1	0
3252.711	14.2	0
3258.365	14.2	0
3264.006	14.2	0
3269.633	14.3	0
3275.247	14.3	0
3280.847	14.3	0
3286.434	14.4	0
3292.008	14.4	0
3297.568	14.4	0
3303.115	14.5	0
3308.649	14.5	0
3314.169	14.5	0
3319.676	14.6	0
3325.170	14.6	0
3330.651	14.6	0
3336.119	14.7	0
3341.574	14.7	0
3347.015	14.8	0
3352.444	14.8	0
3357.859	14.8	0
3363.262	14.9	0
3368.652	14.9	0
3374.029	14.9	0
3379.393	15	0
3384.744	15	0
3390.082	15	0
3395.408	15.1	0
3400.721	15.1	0
3406.021	15.1	0
3411.309	15.2	0
3416.584	15.2	0
3421.846	15.2	0
3427.096	15.3	0
3432.333	15.3	0
3437.558	15.4	0
3442.770	15.4	0
3447.970	15.4	0
3453.157	15.5	0
3458.332	15.5	0
3463.494	15.5	0
3468.645	15.6	0
3473.782	15.6	0
3478.908	15.6	0
3484.021	15.7	0
3489.123	15.7	0
3494.211	15.7	0
3499.288	15.8	0
3504.353	15.8	0
3509.405	15.8	0
3514.446	15.9	0
3519.474	15.9	0
3524.490	15.9	0
3529.494	16	0
3534.487	16	0
3539.467	16	0
3544.435	16.1	0
3549.392	16.1	0
3554.336	16.1	0
3559.269	16.2	0
3564.190	16.2	0
3569.100	16.3	0
3573.997	16.3	0
3578.882	16.3	0
3583.756	16.4	0
3588.618	16.4	0
3593.469	16.4	0
3598.308	16.5	0
3603.135	16.5	0
3607.951	16.5	0
3612.755	16.6	0
3617.547	16.6	0
3622.329	16.6	0
3627.098	16.7	0
3631.856	16.7	0
3636.603	16.7	0
3641.338	16.8	0
3646.062	16.8	0
3650.774	16.8	0
3655.475	16.9	0
3660.165	16.9	0
3664.843	16.9	0
3669.510	17	0
3674.167	17	0
3678.811	17	0
3683.445	17.1	0
3688.067	17.1	0
3692.678	17.1	0
3697.278	17.2	0
3701.866	17.2	0
3706.444	17.2	0
3711.011	17.3	0
3715.566	17.3	0
3720.111	17.3	0
3724.644	17.4	0
3729.167	17.4	0
3733.679	17.4	0
3738.179	17.5	0
3742.669	17.5	0
3747.148	17.5	0
3751.615	17.6	0
3756.073	17.6	0
3760.519	17.6	0
3764.954	17.7	0
3769.379	17.7	0
3773.793	17.7	0
3778.195	17.8	0
3782.588	17.8	0
3786.970	17.8	0
3791.340	17.9	0
3795.701	17.9	0
3800.050	18	0
3804.389	18	0
3808.717	18	0
3813.035	18.1	0
3817.342	18.1	0
3821.639	18.1	0
3825.925	18.2	0
3830.200	18.2	0
3834.465	18.2	0
3838.720	18.3	0
3842.964	18.3	0
3847.198	18.3	0
3851.421	18.3	0
3855.634	18.4	0
3859.836	18.4	0
3864.028	18.4	0
3868.210	18.5	0
3872.381	18.5	0
3876.543	18.5	0
3880.693	18.6	0
3884.834	18.6	0
3888.964	18.6	0
3893.084	18.7	0
3897.194	18.7	0
3901.294	18.7	0
3905.383	18.8	0
3909.462	18.8	0
3913.531	18.8	0
3917.590	18.9	0
3921.639	18.9	0
3925.678	18.9	0
3929.707	19	0
3933.726	19	0
3937.734	19	0
3941.733	19.1	0
3945.721	19.1	0
3949.700	19.1	0
3953.669	19.2	0
3957.627	19.2	0
3961.576	19.2	0
3965.515	19.3	0
3969.444	19.3	0
3973.363	19.3	0
3977.272	19.4	0
3981.171	19.4	0
3985.061	19.4	0
3988.940	19.5	0
3992.810	19.5	0
3996.670	19.5	0
4000.520	19.6	0
4004.360	19.6	0
4008.191	19.6	0
4012.012	19.7	0
4015.823	19.7	0
4019.625	19.7	0
4023.417	19.8	0
4027.199	19.8	0
4030.972	19.8	0
4034.735	19.9	0
4038.488	19.9	0
4042.231	19.9	0
4045.965	19.9	0
4049.690	20	0
4053.405	20	0
4057.110	20	0
4060.806	20.1	0
4064.492	20.1	0
4068.169	20.1	0
4071.837	20.2	0
4075.494	20.2	0
4079.143	20.2	0
4082.782	20.3	0
4086.411	20.3	0
4090.031	20.3	0
4093.642	20.4	0
4097.243	20.4	0
4100.835	20.4	0
4104.418	20.5	0
4107.991	20.5	0
4111.555	20.5	0
4115.109	20.6	0
4118.655	20.6	0
4122.191	20.6	0
4125.717	20.6	0
4129.235	20.7	0
4132.743	20.7	0
4136.242	20.7	0
4139.731	20.8	0
4143.212	20.8	0
4146.683	20.8	0
4150.145	20.9	0
4153.598	20.9	0
4157.042	20.9	0
4160.476	21	0
4163.902	21	0
4167.318	21	0
4170.725	21.1	0
4174.123	21.1	0
4177.512	21.1	0
4180.892	21.2	0
4184.263	21.2	0
4187.625	21.2	0
4190.978	21.2	0
4194.321	21.3	0
4197.656	21.3	0
4200.982	21.3	0
4204.299	21.4	0
4207.606	21.4	0
4210.905	21.4	0
4214.195	21.5	0
4217.476	21.5	0
4220.748	21.5	0
4224.011	21.6	0
4227.265	21.6	0
4230.511	21.6	0
4233.747	21.7	0
4236.975	21.7	0
4240.193	21.7	0
4243.403	21.7	0
4246.604	21.8	0
4249.796	21.8	0
4252.980	21.8	0
4256.154	21.9	0
4259.320	21.9	0
4262.477	21.9	0
4265.625	22	0
4268.765	22	0
4271.895	22	0
4275.017	22.1	0
4278.131	22.1	0
4281.235	22.1	0
4284.331	22.2	0
4287.418	22.2	0
4290.497	22.2	0
4293.566	22.2	0
4296.628	22.3	0
4299.680	22.3	0
4302.724	22.3	0
4305.759	22.4	0
4308.786	22.4	0
4311.804	22.4	0
4314.813	22.5	0
4317.814	22.5	0
4320.806	22.5	0
4323.790	22.6	0
4326.765	22.6	0
4329.731	22.6	0
4332.689	22.6	0
4335.639	22.7	0
4338.580	22.7	0
4341.512	22.7	0
4344.436	22.8	0
4347.352	22.8	0
4350.259	22.8	0
4353.157	22.9	0
4356.048	22.9	0
4358.929	22.9	0
4361.802	22.9	0
4364.667	23	0
4367.523	23	0
4370.371	23	0
4373.211	23.1	0
4376.042	23.1	0
4378.865	23.1	0
4381.679	23.2	0
4384.485	23.2	0
4387.283	23.2	0
4390.072	23.3	0
4392.853	23.3	0
4395.626	23.3	0
4398.390	23.3	0
4401.146	23.4	0
4403.894	23.4	0
4406.633	23.4	0
4409.364	23.5	0
4412.087	23.5	0
4414.801	23.5	0
4417.508	23.6	0
4420.206	23.6	0
4422.896	23.6	0
4425.577	23.6	0
4428.251	23.7	0
4430.916	23.7	0
4433.573	23.7	0
4436.221	23.8	0
4438.862	23.8	0
4441.494	23.8	0
4444.119	23.9	0
4446.735	23.9	0
4449.342	23.9	0
4451.942	23.9	0
4454.534	24	0
4457.117	24	0
4459.692	24	0
4462.260	24.1	0
4464.819	24.1	0
4467.370	24.1	0
4469.913	24.2	0
4472.447	24.2	0
4474.974	24.2	0
4477.493	24.2	0
4480.003	24.3	0
4482.506	24.3	0
4485.001	24.3	0
4487.487	24.4	0
4489.965	24.4	0
4492.436	24.4	0
4494.898	24.5	0
4497.353	24.5	0
4499.799	24.5	0
