0.000	0	0
16.663	0.1	0
37.408	0.1	0
57.912	0.2	0
78.340	0.2	0
98.697	0.3	0
118.929	0.3	0
139.115	0.4	0
159.185	0.4	0
179.184	0.5	0
199.111	0.5	0
218.934	0.6	0
238.695	0.6	0
258.366	0.7	0
277.955	0.8	0
297.477	0.8	0
316.906	0.9	0
336.261	0.9	0
355.547	1	0
374.743	1	0
393.867	1.1	0
412.922	1.1	0
431.892	1.2	0
450.789	1.2	0
469.617	1.3	0
488.366	1.3	0
507.040	1.4	0
525.645	1.4	0
544.181	1.5	0
562.636	1.6	0
581.023	1.6	0
599.343	1.7	0
617.589	1.7	0
635.763	1.8	0
653.870	1.8	0
671.910	1.9	0
689.880	1.9	0
707.778	2	0
725.611	2	0
743.379	2.1	0
761.080	2.1	0
778.710	2.2	0
796.276	2.2	0
813.778	2.3	0
831.215	2.3	0
848.587	2.4	0
865.893	2.4	0
883.135	2.5	0
900.315	2.5	0
917.433	2.6	0
934.488	2.6	0
951.479	2.7	0
968.408	2.7	0
985.276	2.8	0
1002.083	2.8	0
1018.830	2.9	0
1035.518	2.9	0
1052.145	3	0
1068.710	3.1	0
1085.217	3.1	0
1101.665	3.2	0
1118.055	3.2	0
1134.387	3.3	0
1150.662	3.3	0
1166.879	3.4	0
1183.039	3.4	0
1199.143	3.5	0
1215.189	3.5	0
1231.179	3.6	0
1247.113	3.6	0
1262.992	3.7	0
1278.816	3.7	0
1294.586	3.8	0
1310.301	3.8	0
1325.962	3.9	0
1341.569	3.9	0
1357.123	4	0
1372.624	4	0
1388.071	4.1	0
1403.467	4.1	0
1418.810	4.2	0
1434.101	4.2	0
1449.340	4.3	0
1464.529	4.3	0
1479.666	4.4	0
1494.752	4.4	0
1509.788	4.5	0
1524.773	4.5	0
1539.709	4.6	0
1554.595	4.6	0
1569.432	4.7	0
1584.219	4.7	0
1598.958	4.8	0
1613.649	4.8	0
1628.291	4.9	0
1642.885	4.9	0
1657.431	5	0
1671.930	5	0
1686.382	5.1	0
1700.787	5.1	0
1715.145	5.2	0
1729.457	5.2	0
1743.723	5.3	0
1757.943	5.3	0
1772.118	5.4	0
1786.246	5.4	0
1800.329	5.5	0
1814.367	5.5	0
1828.360	5.6	0
1842.310	5.6	0
1856.215	5.7	0
1870.076	5.7	0
1883.893	5.8	0
1897.668	5.8	0
1911.398	5.8	0
1925.085	5.9	0
1938.729	5.9	0
1952.330	6	0
1965.890	6	0
1979.407	6.1	0
1992.883	6.1	0
2006.316	6.2	0
2019.708	6.2	0
2033.058	6.3	0
2046.367	6.3	0
2059.636	6.4	0
2072.864	6.4	0
2086.051	6.5	0
2099.197	6.5	0
2112.304	6.6	0
2125.371	6.6	0
2138.399	6.7	0
2151.386	6.7	0
2164.334	6.8	0
2177.243	6.8	0
2190.114	6.9	0
2202.946	6.9	0
2215.738	7	0
2228.492	7	0
2241.209	7.1	0
2253.888	7.1	0
2266.528	7.1	0
2279.131	7.2	0
2291.696	7.2	0
2304.225	7.3	0
2316.716	7.3	0
2329.170	7.4	0
2341.588	7.4	0
2353.969	7.5	0
2366.313	7.5	0
2378.621	7.6	0
2390.894	7.6	0
2403.131	7.7	0
2415.331	7.7	0
2427.496	7.8	0
2439.627	7.8	0
2451.721	7.9	0
2463.780	7.9	0
2475.805	8	0
2487.795	8	0
2499.750	8	0
2511.671	8.1	0
2523.559	8.1	0
2535.411	8.2	0
2547.230	8.2	0
2559.015	8.3	0
2570.766	8.3	0
2582.484	8.4	0
2594.168	8.4	0
2605.819	8.5	0
2617.438	8.5	0
2629.023	8.6	0
2640.575	8.6	0
2652.096	8.7	0
2663.583	8.7	0
2675.038	8.7	0
2686.462	8.8	0
2697.852	8.8	0
2709.212	8.9	0
2720.539	8.9	0
2731.835	9	0
2743.099	9	0
2754.332	9.1	0
2765.534	9.1	0
2776.705	9.2	0
2787.844	9.2	0
2798.954	9.3	0
2810.031	9.3	0
2821.079	9.3	0
2832.097	9.4	0
2843.084	9.4	0
2854.041	9.5	0
2864.967	9.5	0
2875.865	9.6	0
2886.731	9.6	0
2897.569	9.7	0
2908.377	9.7	0
2919.156	9.8	0
2929.905	9.8	0
2940.625	9.8	0
2951.316	9.9	0
2961.978	9.9	0
2972.612	10	0
2983.216	10	0
2993.792	10.1	0
3004.339	10.1	0
3014.859	10.2	0
3025.350	10.2	0
3035.813	10.3	0
3046.247	10.3	0
3056.655	10.3	0
3067.033	10.4	0
3077.385	10.4	0
3087.709	10.5	0
3098.006	10.5	0
3108.274	10.6	0
3118.517	10.6	0
3128.731	10.7	0
3138.919	10.7	0
3149.080	10.7	0
3159.214	10.8	0
3169.321	10.8	0
3179.402	10.9	0
3189.456	10.9	0
3199.484	11	0
3209.485	11	0
3219.460	11.1	0
3229.410	11.1	0
3239.332	11.1	0
3249.230	11.2	0
3259.101	11.2	0
3268.947	11.3	0
3278.767	11.3	0
3288.562	11.4	0
3298.331	11.4	0
3308.074	11.5	0
3317.793	11.5	0
3327.487	11.5	0
3337.155	11.6	0
3346.799	11.6	0
3356.417	11.7	0
3366.011	11.7	0
3375.580	11.8	0
3385.125	11.8	0
3394.645	11.9	0
3404.140	11.9	0
3413.612	11.9	0
3423.059	12	0
3432.482	12	0
3441.881	12.1	0
3451.255	12.1	0
3460.607	12.2	0
3469.934	12.2	0
3479.237	12.2	0
3488.517	12.3	0
3497.773	12.3	0
3507.006	12.4	0
3516.216	12.4	0
3525.402	12.5	0
3534.565	12.5	0
3543.705	12.5	0
3552.821	12.6	0
3561.915	12.6	0
3570.986	12.7	0
3580.034	12.7	0
3589.059	12.8	0
3598.062	12.8	0
3607.042	12.9	0
3615.999	12.9	0
3624.934	12.9	0
3633.847	13	0
3642.737	13	0
3651.606	13.1	0
3660.452	13.1	0
3669.276	13.2	0
3678.078	13.2	0
3686.858	13.2	0
3695.616	13.3	0
3704.352	13.3	0
3713.067	13.4	0
3721.761	13.4	0
3730.432	13.5	0
3739.082	13.5	0
3747.711	13.5	0
3756.318	13.6	0
3764.904	13.6	0
3773.469	13.7	0
3782.013	13.7	0
3790.536	13.8	0
3799.037	13.8	0
3807.518	13.8	0
3815.978	13.9	0
3824.417	13.9	0
3832.836	14	0
3841.233	14	0
3849.611	14	0
3857.967	14.1	0
3866.303	14.1	0
3874.619	14.2	0
3882.914	14.2	0
3891.189	14.3	0
3899.444	14.3	0
3907.679	14.3	0
3915.893	14.4	0
3924.088	14.4	0
3932.263	14.5	0
3940.417	14.5	0
3948.552	14.6	0
3956.667	14.6	0
3964.762	14.6	0
3972.838	14.7	0
3980.894	14.7	0
3988.931	14.8	0
3996.947	14.8	0
4004.945	14.8	0
4012.923	14.9	0
4020.883	14.9	0
4028.822	15	0
4036.742	15	0
4044.644	15.1	0
4052.526	15.1	0
4060.389	15.1	0
4068.234	15.2	0
4076.059	15.2	0
4083.865	15.3	0
4091.653	15.3	0
4099.421	15.3	0
4107.172	15.4	0
4114.903	15.4	0
4122.616	15.5	0
4130.311	15.5	0
4137.986	15.6	0
4145.644	15.6	0
4153.283	15.6	0
4160.904	15.7	0
4168.506	15.7	0
4176.090	15.8	0
4183.657	15.8	0
4191.204	15.8	0
4198.734	15.9	0
4206.246	15.9	0
4213.740	16	0
4221.216	16	0
4228.674	16	0
4236.114	16.1	0
4243.537	16.1	0
4250.942	16.2	0
4258.329	16.2	0
4265.698	16.3	0
4273.050	16.3	0
4280.384	16.3	0
4287.701	16.4	0
4295.000	16.4	0
4302.282	16.5	0
4309.547	16.5	0
4316.794	16.5	0
4324.024	16.6	0
4331.237	16.6	0
4338.433	16.7	0
4345.612	16.7	0
4352.773	16.7	0
4359.918	16.8	0
4367.046	16.8	0
4374.156	16.9	0
4381.250	16.9	0
4388.327	16.9	0
4395.387	17	0
4402.430	17	0
4409.456	17.1	0
4416.466	17.1	0
4423.460	17.1	0
4430.436	17.2	0
4437.396	17.2	0
4444.340	17.3	0
4451.267	17.3	0
4458.178	17.3	0
4465.072	17.4	0
4471.950	17.4	0
4478.812	17.5	0
4485.657	17.5	0
4492.486	17.5	0
4499.299	17.6	0
