0.000	0	125
113.598	0.1	115
227.099	0.3	106
332.096	0.4	98
429.729	0.5	91
520.914	0.6	85
606.422	0.8	80
686.902	0.9	75
762.882	1	71
834.800	1.1	67
903.079	1.2	64
968.045	1.3	61
1029.984	1.4	58
1089.156	1.6	56
1145.792	1.7	53
1200.101	1.8	51
1252.244	1.9	49
1302.396	2	48
1350.689	2.1	46
1397.251	2.2	44
1442.201	2.3	43
1485.642	2.4	42
1527.665	2.5	40
1568.363	2.6	39
1607.813	2.7	38
1646.083	2.8	37
1683.242	2.8	36
1719.353	2.9	35
1754.468	3	34
1788.639	3.1	33
1821.915	3.2	32
1854.341	3.3	32
1885.957	3.4	31
1916.800	3.5	30
1946.908	3.6	29
1976.317	3.7	29
2005.051	3.7	28
2033.146	3.8	28
2060.623	3.9	27
2087.514	4	27
2113.838	4.1	26
2139.619	4.2	26
2164.881	4.2	25
2189.641	4.3	25
2213.920	4.4	24
2237.734	4.5	24
2261.101	4.6	23
2284.037	4.6	23
2306.557	4.7	23
2328.676	4.8	22
2350.409	4.9	22
2371.766	4.9	22
2392.760	5	21
2413.405	5.1	21
2433.710	5.2	21
2453.687	5.3	20
2473.346	5.3	20
2492.697	5.4	20
2511.748	5.5	19
2530.510	5.5	19
2548.988	5.6	19
2567.194	5.7	19
2585.135	5.8	18
2602.817	5.8	18
2620.247	5.9	18
2637.433	6	18
2654.382	6.1	18
2671.099	6.1	17
2687.592	6.2	17
2703.865	6.3	17
2719.924	6.3	17
2735.775	6.4	17
2751.424	6.5	16
2766.874	6.5	16
2782.131	6.6	16
2797.199	6.7	16
2812.083	6.7	16
2826.787	6.8	16
2841.317	6.9	15
2855.674	6.9	15
2869.864	7	15
2883.891	7.1	15
2897.757	7.1	15
2911.467	7.2	15
2925.023	7.3	14
2938.430	7.3	14
2951.690	7.4	14
2964.807	7.5	14
2977.782	7.5	14
2990.621	7.6	14
3003.325	7.7	14
3015.896	7.7	14
3028.338	7.8	13
3040.654	7.9	13
3052.844	7.9	13
3064.913	8	13
3076.863	8	13
3088.695	8.1	13
3100.412	8.2	13
3112.016	8.2	13
3123.510	8.3	13
3134.895	8.3	13
3146.173	8.4	12
3157.346	8.5	12
3168.416	8.5	12
3179.385	8.6	12
3190.255	8.7	12
3201.027	8.7	12
3211.703	8.8	12
3222.285	8.8	12
3232.774	8.9	12
3243.172	8.9	12
3253.480	9	12
3263.700	9.1	11
3273.834	9.1	11
3283.882	9.2	11
3293.847	9.2	11
3303.729	9.3	11
3313.529	9.4	11
3323.250	9.4	11
3332.892	9.5	11
3342.457	9.5	11
3351.945	9.6	11
3361.358	9.6	11
3370.698	9.7	11
3379.964	9.8	11
3389.158	9.8	11
3398.282	9.9	10
3407.336	9.9	10
3416.322	10	10
3425.240	10	10
3434.090	10.1	10
3442.876	10.2	10
3451.596	10.2	10
3460.253	10.3	10
3468.846	10.3	10
3477.378	10.4	10
3485.848	10.4	10
3494.258	10.5	10
3502.607	10.5	10
3510.899	10.6	10
3519.131	10.6	10
3527.307	10.7	10
3535.426	10.8	10
3543.489	10.8	10
3551.498	10.9	10
3559.451	10.9	9
3567.352	11	9
3575.199	11	9
3582.994	11.1	9
3590.737	11.1	9
3598.429	11.2	9
3606.071	11.2	9
3613.662	11.3	9
3621.205	11.3	9
3628.699	11.4	9
3636.146	11.4	9
3643.544	11.5	9
3650.896	11.5	9
3658.202	11.6	9
3665.461	11.6	9
3672.676	11.7	9
3679.846	11.8	9
3686.971	11.8	9
3694.053	11.9	9
3701.092	11.9	9
3708.088	12	9
3715.041	12	9
3721.953	12.1	9
3728.824	12.1	9
3735.654	12.2	9
3742.443	12.2	9
3749.193	12.3	8
3755.903	12.3	8
3762.573	12.4	8
3769.205	12.4	8
3775.799	12.5	8
3782.355	12.5	8
3788.874	12.6	8
3795.355	12.6	8
3801.800	12.7	8
3808.208	12.7	8
3814.580	12.8	8
3820.917	12.8	8
3827.218	12.9	8
3833.484	12.9	8
3839.716	13	8
3845.914	13	8
3852.078	13.1	8
3858.209	13.1	8
3864.306	13.1	8
3870.370	13.2	8
3876.402	13.2	8
3882.401	13.3	8
3888.369	13.3	8
3894.305	13.4	8
3900.210	13.4	8
3906.083	13.5	8
3911.926	13.5	8
3917.738	13.6	8
3923.520	13.6	8
3929.272	13.7	8
3934.995	13.7	8
3940.688	13.8	8
3946.352	13.8	8
3951.987	13.9	8
3957.593	13.9	8
3963.172	14	8
3968.722	14	8
3974.244	14.1	8
3979.738	14.1	8
3985.206	14.1	8
3990.646	14.2	8
3996.059	14.2	7
4001.445	14.3	7
4006.805	14.3	7
4012.139	14.4	7
4017.447	14.4	7
4022.729	14.5	7
4027.986	14.5	7
4033.217	14.6	7
4038.423	14.6	7
4043.603	14.7	7
4048.760	14.7	7
4053.891	14.7	7
4058.999	14.8	7
4064.082	14.8	7
4069.141	14.9	7
4074.177	14.9	7
4079.188	15	7
4084.177	15	7
4089.142	15.1	7
4094.084	15.1	7
4099.003	15.2	7
4103.900	15.2	7
4108.774	15.2	7
4113.626	15.3	7
4118.455	15.3	7
4123.263	15.4	7
4128.048	15.4	7
4132.813	15.5	7
4137.555	15.5	7
4142.276	15.6	7
4146.976	15.6	7
4151.655	15.6	7
4156.313	15.7	7
4160.950	15.7	7
4165.566	15.8	7
4170.162	15.8	7
4174.738	15.9	7
4179.294	15.9	7
4183.829	16	7
4188.345	16	7
4192.841	16	7
4197.317	16.1	7
4201.774	16.1	7
4206.212	16.2	7
4210.630	16.2	7
4215.029	16.3	7
4219.409	16.3	7
4223.771	16.3	7
4228.113	16.4	7
4232.437	16.4	7
4236.743	16.5	7
4241.031	16.5	7
4245.300	16.6	7
4249.551	16.6	7
4253.784	16.6	7
4257.999	16.7	7
4262.196	16.7	7
4266.376	16.8	7
4270.538	16.8	7
4274.683	16.9	7
4278.811	16.9	7
4282.921	16.9	7
4287.015	17	7
4291.091	17	7
4295.150	17.1	7
4299.193	17.1	7
4303.219	17.2	7
4307.229	17.2	7
4311.222	17.2	7
4315.198	17.3	7
4319.158	17.3	7
4323.103	17.4	7
4327.031	17.4	7
4330.943	17.5	7
4334.839	17.5	7
4338.720	17.5	7
4342.584	17.6	7
4346.433	17.6	7
4350.267	17.7	7
4354.085	17.7	7
4357.888	17.7	7
4361.676	17.8	7
4365.448	17.8	7
4369.205	17.9	7
4372.948	17.9	7
4376.675	18	7
4380.388	18	7
4384.086	18	7
4387.769	18.1	7
4391.438	18.1	7
4395.092	18.2	7
4398.731	18.2	7
4402.357	18.2	7
4405.968	18.3	7
4409.565	18.3	7
4413.147	18.4	6
4416.716	18.4	6
4420.271	18.4	6
4423.812	18.5	6
4427.339	18.5	6
4430.852	18.6	6
4434.352	18.6	6
4437.838	18.6	6
4441.310	18.7	6
4444.769	18.7	6
4448.215	18.8	6
4451.647	18.8	6
4455.066	18.9	6
4458.472	18.9	6
4461.864	18.9	6
4465.244	19	6
4468.610	19	6
4471.964	19.1	6
4475.305	19.1	6
4478.633	19.1	6
4481.948	19.2	6
4485.250	19.2	6
4488.540	19.2	6
4491.817	19.3	6
4495.082	19.3	6
4498.334	19.4	6
