0.000	0	43
24.089	0.1	42
52.767	0.1	42
81.099	0.2	42
109.169	0.3	41
137.052	0.3	41
164.661	0.4	41
192.062	0.4	40
219.264	0.5	40
246.223	0.6	40
272.976	0.6	39
299.530	0.7	39
325.875	0.8	39
352.005	0.8	38
377.943	0.9	38
403.688	0.9	38
429.237	1	37
454.585	1.1	37
479.747	1.1	37
504.725	1.2	37
529.521	1.3	36
554.137	1.3	36
578.567	1.4	36
602.820	1.4	35
626.899	1.5	35
650.808	1.6	35
674.547	1.6	35
698.119	1.7	34
721.525	1.7	34
744.769	1.8	34
767.850	1.9	34
790.773	1.9	33
813.538	2	33
836.148	2	33
858.604	2.1	33
880.908	2.2	33
903.063	2.2	32
925.070	2.3	32
946.932	2.3	32
968.649	2.4	32
990.223	2.5	31
1011.657	2.5	31
1032.953	2.6	31
1054.111	2.6	31
1075.134	2.7	31
1096.023	2.8	30
1116.779	2.8	30
1137.406	2.9	30
1157.903	2.9	30
1178.270	3	30
1198.510	3	29
1218.626	3.1	29
1238.619	3.2	29
1258.491	3.2	29
1278.242	3.3	29
1297.871	3.3	29
1317.382	3.4	28
1336.778	3.5	28
1356.059	3.5	28
1375.224	3.6	28
1394.275	3.6	28
1413.216	3.7	28
1432.047	3.7	27
1450.766	3.8	27
1469.378	3.9	27
1487.884	3.9	27
1506.282	4	27
1524.575	4	27
1542.766	4.1	26
1560.854	4.1	26
1578.839	4.2	26
1596.725	4.3	26
1614.509	4.3	26
1632.196	4.4	26
1649.787	4.4	26
1667.278	4.5	25
1684.676	4.5	25
1701.977	4.6	25
1719.186	4.6	25
1736.302	4.7	25
1753.325	4.8	25
1770.260	4.8	25
1787.101	4.9	25
1803.855	4.9	24
1820.519	5	24
1837.097	5	24
1853.587	5.1	24
1869.993	5.1	24
1886.312	5.2	24
1902.549	5.3	24
1918.700	5.3	24
1934.770	5.4	23
1950.757	5.4	23
1966.664	5.5	23
1982.489	5.5	23
1998.236	5.6	23
2013.903	5.6	23
2029.492	5.7	23
2045.004	5.7	23
2060.438	5.8	23
2075.797	5.8	22
2091.080	5.9	22
2106.288	6	22
2121.423	6	22
2136.483	6.1	22
2151.471	6.1	22
2166.387	6.2	22
2181.231	6.2	22
2196.004	6.3	22
2210.707	6.3	22
2225.340	6.4	21
2239.904	6.4	21
2254.400	6.5	21
2268.827	6.5	21
2283.187	6.6	21
2297.481	6.6	21
2311.708	6.7	21
2325.868	6.8	21
2339.964	6.8	21
2353.996	6.9	21
2367.964	6.9	21
2381.867	7	20
2395.708	7	20
2409.486	7.1	20
2423.203	7.1	20
2436.857	7.2	20
2450.450	7.2	20
2463.983	7.3	20
2477.457	7.3	20
2490.870	7.4	20
2504.224	7.4	20
2517.519	7.5	20
2530.757	7.5	20
2543.936	7.6	20
2557.059	7.6	19
2570.124	7.7	19
2583.133	7.7	19
2596.086	7.8	19
2608.983	7.8	19
2621.825	7.9	19
2634.613	7.9	19
2647.346	8	19
2660.025	8	19
2672.651	8.1	19
2685.224	8.1	19
2697.744	8.2	19
2710.212	8.3	19
2722.628	8.3	19
2734.992	8.4	18
2747.305	8.4	18
2759.567	8.5	18
2771.779	8.5	18
2783.940	8.6	18
2796.052	8.6	18
2808.115	8.7	18
2820.128	8.7	18
2832.093	8.8	18
2844.010	8.8	18
2855.879	8.9	18
2867.700	8.9	18
2879.473	9	18
2891.200	9	18
2902.880	9.1	18
2914.514	9.1	17
2926.102	9.2	17
2937.644	9.2	17
2949.141	9.3	17
2960.593	9.3	17
2972.000	9.3	17
2983.362	9.4	17
2994.680	9.4	17
3005.955	9.5	17
3017.186	9.5	17
3028.373	9.6	17
3039.518	9.6	17
3050.620	9.7	17
3061.680	9.7	17
3072.697	9.8	17
3083.673	9.8	17
3094.606	9.9	17
3105.499	9.9	17
3116.350	10	17
3127.161	10	16
3137.932	10.1	16
3148.662	10.1	16
3159.351	10.2	16
3170.001	10.2	16
3180.612	10.3	16
3191.184	10.3	16
3201.716	10.4	16
3212.210	10.4	16
3222.665	10.5	16
3233.081	10.5	16
3243.460	10.6	16
3253.802	10.6	16
3264.105	10.7	16
3274.371	10.7	16
3284.600	10.8	16
3294.792	10.8	16
3304.947	10.8	16
3315.066	10.9	16
3325.148	10.9	16
3335.195	11	16
3345.206	11	15
3355.181	11.1	15
3365.121	11.1	15
3375.026	11.2	15
3384.895	11.2	15
3394.730	11.3	15
3404.531	11.3	15
3414.297	11.4	15
3424.029	11.4	15
3433.727	11.5	15
3443.391	11.5	15
3453.021	11.6	15
3462.619	11.6	15
3472.183	11.6	15
3481.714	11.7	15
3491.212	11.7	15
3500.678	11.8	15
3510.111	11.8	15
3519.512	11.9	15
3528.881	11.9	15
3538.218	12	15
3547.523	12	15
3556.797	12.1	15
3566.039	12.1	15
3575.250	12.2	15
3584.430	12.2	15
3593.579	12.3	14
3602.698	12.3	14
3611.786	12.3	14
3620.844	12.4	14
3629.871	12.4	14
3638.869	12.5	14
3647.836	12.5	14
3656.774	12.6	14
3665.682	12.6	14
3674.561	12.7	14
3683.411	12.7	14
3692.231	12.8	14
3701.023	12.8	14
3709.785	12.8	14
3718.519	12.9	14
3727.225	12.9	14
3735.902	13	14
3744.551	13	14
3753.172	13.1	14
3761.765	13.1	14
3770.330	13.2	14
3778.868	13.2	14
3787.378	13.3	14
3795.861	13.3	14
3804.317	13.3	14
3812.745	13.4	14
3821.147	13.4	14
3829.522	13.5	14
3837.870	13.5	14
3846.191	13.6	14
3854.486	13.6	14
3862.755	13.7	13
3870.998	13.7	13
3879.214	13.7	13
3887.405	13.8	13
3895.570	13.8	13
3903.710	13.9	13
3911.823	13.9	13
3919.911	14	13
3927.974	14	13
3936.012	14.1	13
3944.025	14.1	13
3952.013	14.1	13
3959.976	14.2	13
3967.914	14.2	13
3975.828	14.3	13
3983.718	14.3	13
3991.582	14.4	13
3999.423	14.4	13
4007.240	14.5	13
4015.032	14.5	13
4022.801	14.5	13
4030.546	14.6	13
4038.267	14.6	13
4045.964	14.7	13
4053.638	14.7	13
4061.289	14.8	13
4068.917	14.8	13
4076.521	14.8	13
4084.102	14.9	13
4091.660	14.9	13
4099.196	15	13
4106.709	15	13
4114.198	15.1	13
4121.666	15.1	13
4129.111	15.2	13
4136.533	15.2	13
4143.934	15.2	13
4151.312	15.3	13
4158.668	15.3	13
4166.002	15.4	13
4173.314	15.4	13
4180.605	15.5	12
4187.873	15.5	12
4195.121	15.5	12
4202.346	15.6	12
4209.550	15.6	12
4216.733	15.7	12
4223.895	15.7	12
4231.035	15.8	12
4238.155	15.8	12
4245.253	15.8	12
4252.331	15.9	12
4259.387	15.9	12
4266.423	16	12
4273.439	16	12
4280.434	16.1	12
4287.408	16.1	12
4294.362	16.1	12
4301.296	16.2	12
4308.209	16.2	12
4315.102	16.3	12
4321.975	16.3	12
4328.829	16.3	12
4335.662	16.4	12
4342.476	16.4	12
4349.269	16.5	12
4356.043	16.5	12
4362.798	16.6	12
4369.533	16.6	12
4376.249	16.6	12
4382.945	16.7	12
4389.621	16.7	12
4396.279	16.8	12
4402.918	16.8	12
4409.537	16.9	12
4416.138	16.9	12
4422.719	16.9	12
4429.282	17	12
4435.826	17	12
4442.351	17.1	12
4448.858	17.1	12
4455.346	17.1	12
4461.815	17.2	12
4468.266	17.2	12
4474.699	17.3	12
4481.113	17.3	12
4487.509	17.3	12
4493.888	17.4	12
