0.000	0	0
9.005	0	0
20.993	0.1	0
32.958	0.1	0
44.900	0.2	0
56.821	0.2	0
68.720	0.2	0
80.596	0.3	0
92.441	0.3	0
104.255	0.4	0
116.051	0.4	0
127.827	0.5	0
139.585	0.5	0
151.322	0.5	0
163.039	0.6	0
174.735	0.6	0
186.411	0.7	0
198.058	0.7	0
209.684	0.7	0
221.291	0.8	0
232.877	0.8	0
244.443	0.9	0
255.988	0.9	0
267.514	0.9	0
279.019	1	0
290.503	1	0
301.967	1.1	0
313.407	1.1	0
324.826	1.2	0
336.225	1.2	0
347.603	1.2	0
358.962	1.3	0
370.300	1.3	0
381.619	1.4	0
392.917	1.4	0
404.195	1.4	0
415.453	1.5	0
426.690	1.5	0
437.908	1.6	0
449.106	1.6	0
460.281	1.6	0
471.437	1.7	0
482.573	1.7	0
493.689	1.8	0
504.785	1.8	0
515.862	1.8	0
526.918	1.9	0
537.956	1.9	0
548.973	2	0
559.971	2	0
570.949	2	0
581.908	2.1	0
592.847	2.1	0
603.767	2.2	0
614.667	2.2	0
625.548	2.2	0
636.409	2.3	0
647.251	2.3	0
658.074	2.4	0
668.878	2.4	0
679.662	2.4	0
690.427	2.5	0
701.173	2.5	0
711.899	2.6	0
722.606	2.6	0
733.295	2.6	0
743.964	2.7	0
754.615	2.7	0
765.246	2.8	0
775.859	2.8	0
786.453	2.8	0
797.028	2.9	0
807.585	2.9	0
818.123	3	0
828.642	3	0
839.142	3	0
849.624	3.1	0
860.088	3.1	0
870.533	3.2	0
880.959	3.2	0
891.368	3.2	0
901.757	3.3	0
912.129	3.3	0
922.482	3.4	0
932.817	3.4	0
943.134	3.4	0
953.432	3.5	0
963.712	3.5	0
973.974	3.6	0
984.218	3.6	0
994.444	3.6	0
1004.652	3.7	0
1014.842	3.7	0
1025.014	3.8	0
1035.168	3.8	0
1045.304	3.8	0
1055.422	3.9	0
1065.523	3.9	0
1075.606	4	0
1085.671	4	0
1095.719	4	0
1105.748	4.1	0
1115.761	4.1	0
1125.756	4.2	0
1135.733	4.2	0
1145.693	4.2	0
1155.635	4.3	0
1165.560	4.3	0
1175.468	4.4	0
1185.358	4.4	0
1195.231	4.4	0
1205.087	4.5	0
1214.924	4.5	0
1224.745	4.5	0
1234.549	4.6	0
1244.335	4.6	0
1254.105	4.7	0
1263.857	4.7	0
1273.593	4.7	0
1283.311	4.8	0
1293.013	4.8	0
1302.697	4.9	0
1312.365	4.9	0
1322.016	4.9	0
1331.650	5	0
1341.266	5	0
1350.866	5.1	0
1360.449	5.1	0
1370.016	5.1	0
1379.566	5.2	0
1389.100	5.2	0
1398.617	5.3	0
1408.117	5.3	0
1417.601	5.3	0
1427.068	5.4	0
1436.518	5.4	0
1445.952	5.4	0
1455.369	5.5	0
1464.770	5.5	0
1474.155	5.6	0
1483.524	5.6	0
1492.877	5.6	0
1502.213	5.7	0
1511.532	5.7	0
1520.835	5.8	0
1530.122	5.8	0
1539.393	5.8	0
1548.649	5.9	0
1557.888	5.9	0
1567.111	6	0
1576.318	6	0
1585.508	6	0
1594.683	6.1	0
1603.841	6.1	0
1612.984	6.1	0
1622.111	6.2	0
1631.223	6.2	0
1640.319	6.3	0
1649.398	6.3	0
1658.461	6.3	0
1667.509	6.4	0
1676.541	6.4	0
1685.558	6.5	0
1694.560	6.5	0
1703.545	6.5	0
1712.514	6.6	0
1721.468	6.6	0
1730.407	6.6	0
1739.330	6.7	0
1748.238	6.7	0
1757.130	6.8	0
1766.006	6.8	0
1774.868	6.8	0
1783.714	6.9	0
1792.544	6.9	0
1801.360	6.9	0
1810.159	7	0
1818.944	7	0
1827.713	7.1	0
1836.468	7.1	0
1845.207	7.1	0
1853.931	7.2	0
1862.639	7.2	0
1871.333	7.3	0
1880.012	7.3	0
1888.675	7.3	0
1897.324	7.4	0
1905.957	7.4	0
1914.575	7.4	0
1923.179	7.5	0
1931.768	7.5	0
1940.341	7.6	0
1948.900	7.6	0
1957.444	7.6	0
1965.973	7.7	0
1974.488	7.7	0
1982.987	7.7	0
1991.472	7.8	0
1999.942	7.8	0
2008.398	7.9	0
2016.839	7.9	0
2025.265	7.9	0
2033.676	8	0
2042.073	8	0
2050.456	8	0
2058.823	8.1	0
2067.176	8.1	0
2075.515	8.2	0
2083.840	8.2	0
2092.149	8.2	0
2100.445	8.3	0
2108.726	8.3	0
2116.993	8.4	0
2125.245	8.4	0
2133.483	8.4	0
2141.706	8.5	0
2149.916	8.5	0
2158.111	8.5	0
2166.292	8.6	0
2174.459	8.6	0
2182.612	8.7	0
2190.749	8.7	0
2198.873	8.7	0
2206.984	8.8	0
2215.080	8.8	0
2223.162	8.8	0
2231.229	8.9	0
2239.283	8.9	0
2247.323	8.9	0
2255.349	9	0
2263.361	9	0
2271.359	9.1	0
2279.343	9.1	0
2287.313	9.1	0
2295.269	9.2	0
2303.212	9.2	0
2311.140	9.2	0
2319.055	9.3	0
2326.956	9.3	0
2334.843	9.4	0
2342.717	9.4	0
2350.577	9.4	0
2358.423	9.5	0
2366.255	9.5	0
2374.074	9.5	0
2381.880	9.6	0
2389.671	9.6	0
2397.449	9.7	0
2405.213	9.7	0
2412.964	9.7	0
2420.701	9.8	0
2428.425	9.8	0
2436.136	9.8	0
2443.832	9.9	0
2451.516	9.9	0
2459.186	9.9	0
2466.842	10	0
2474.486	10	0
2482.116	10.1	0
2489.732	10.1	0
2497.335	10.1	0
2504.925	10.2	0
2512.502	10.2	0
2520.065	10.2	0
2527.616	10.3	0
2535.152	10.3	0
2542.676	10.4	0
2550.187	10.4	0
2557.684	10.4	0
2565.168	10.5	0
2572.639	10.5	0
2580.097	10.5	0
2587.542	10.6	0
2594.974	10.6	0
2602.393	10.6	0
2609.799	10.7	0
2617.191	10.7	0
2624.571	10.8	0
2631.938	10.8	0
2639.292	10.8	0
2646.633	10.9	0
2653.961	10.9	0
2661.276	10.9	0
2668.578	11	0
2675.868	11	0
2683.144	11	0
2690.408	11.1	0
2697.659	11.1	0
2704.897	11.2	0
2712.123	11.2	0
2719.335	11.2	0
2726.536	11.3	0
2733.723	11.3	0
2740.897	11.3	0
2748.059	11.4	0
2755.208	11.4	0
2762.345	11.4	0
2769.469	11.5	0
2776.580	11.5	0
2783.679	11.6	0
2790.766	11.6	0
2797.839	11.6	0
2804.901	11.7	0
2811.949	11.7	0
2818.985	11.7	0
2826.009	11.8	0
2833.020	11.8	0
2840.019	11.8	0
2847.005	11.9	0
2853.979	11.9	0
2860.941	11.9	0
2867.890	12	0
2874.827	12	0
2881.751	12.1	0
2888.663	12.1	0
2895.563	12.1	0
2902.451	12.2	0
2909.326	12.2	0
2916.189	12.2	0
2923.040	12.3	0
2929.878	12.3	0
2936.705	12.3	0
2943.518	12.4	0
2950.320	12.4	0
2957.110	12.4	0
2963.888	12.5	0
2970.653	12.5	0
2977.407	12.6	0
2984.148	12.6	0
2990.877	12.6	0
2997.594	12.7	0
3004.299	12.7	0
3010.992	12.7	0
3017.673	12.8	0
3024.342	12.8	0
3031.000	12.8	0
3037.644	12.9	0
3044.278	12.9	0
3050.899	12.9	0
3057.508	13	0
3064.105	13	0
3070.691	13.1	0
3077.264	13.1	0
3083.826	13.1	0
3090.376	13.2	0
3096.914	13.2	0
3103.440	13.2	0
3109.954	13.3	0
3116.457	13.3	0
3122.948	13.3	0
3129.427	13.4	0
3135.894	13.4	0
3142.350	13.4	0
3148.793	13.5	0
3155.226	13.5	0
3161.646	13.5	0
3168.055	13.6	0
3174.452	13.6	0
3180.838	13.7	0
3187.211	13.7	0
3193.574	13.7	0
3199.924	13.8	0
3206.263	13.8	0
3212.590	13.8	0
3218.907	13.9	0
3225.211	13.9	0
3231.504	13.9	0
3237.785	14	0
3244.055	14	0
3250.313	14	0
3256.560	14.1	0
3262.795	14.1	0
3269.019	14.1	0
3275.231	14.2	0
3281.433	14.2	0
3287.622	14.2	0
3293.800	14.3	0
3299.967	14.3	0
3306.123	14.3	0
3312.267	14.4	0
3318.400	14.4	0
3324.521	14.5	0
3330.631	14.5	0
3336.730	14.5	0
3342.817	14.6	0
3348.894	14.6	0
3354.959	14.6	0
3361.013	14.7	0
3367.055	14.7	0
3373.086	14.7	0
3379.106	14.8	0
3385.115	14.8	0
3391.113	14.8	0
3397.099	14.9	0
3403.075	14.9	0
3409.039	14.9	0
3414.992	15	0
3420.934	15	0
3426.865	15	0
3432.784	15.1	0
3438.693	15.1	0
3444.590	15.1	0
3450.477	15.2	0
3456.352	15.2	0
3462.216	15.2	0
3468.070	15.3	0
3473.912	15.3	0
3479.744	15.3	0
3485.564	15.4	0
3491.373	15.4	0
3497.172	15.5	0
3502.959	15.5	0
3508.736	15.5	0
3514.501	15.6	0
3520.256	15.6	0
3525.999	15.6	0
3531.732	15.7	0
3537.454	15.7	0
3543.165	15.7	0
3548.866	15.8	0
3554.555	15.8	0
3560.233	15.8	0
3565.901	15.9	0
3571.558	15.9	0
3577.204	15.9	0
3582.839	16	0
3588.464	16	0
3594.077	16	0
3599.680	16.1	0
3605.273	16.1	0
3610.854	16.1	0
3616.425	16.2	0
3621.985	16.2	0
3627.534	16.2	0
3633.073	16.3	0
3638.601	16.3	0
3644.118	16.3	0
3649.624	16.4	0
3655.120	16.4	0
3660.606	16.4	0
3666.080	16.5	0
3671.544	16.5	0
3676.998	16.5	0
3682.441	16.6	0
3687.873	16.6	0
3693.295	16.6	0
3698.706	16.7	0
3704.106	16.7	0
3709.496	16.7	0
3714.876	16.8	0
3720.245	16.8	0
3725.603	16.8	0
3730.951	16.9	0
3736.289	16.9	0
3741.615	16.9	0
3746.932	17	0
3752.238	17	0
3757.533	17	0
3762.819	17.1	0
3768.093	17.1	0
3773.357	17.1	0
3778.611	17.2	0
3783.855	17.2	0
3789.088	17.2	0
3794.311	17.3	0
3799.523	17.3	0
3804.725	17.3	0
3809.916	17.4	0
3815.097	17.4	0
3820.268	17.4	0
3825.429	17.5	0
3830.579	17.5	0
3835.719	17.5	0
3840.849	17.6	0
3845.968	17.6	0
3851.077	17.6	0
3856.176	17.7	0
3861.264	17.7	0
3866.342	17.7	0
3871.411	17.8	0
3876.468	17.8	0
3881.516	17.8	0
3886.553	17.9	0
3891.581	17.9	0
3896.597	18	0
3901.604	18	0
3906.601	18	0
3911.587	18.1	0
3916.563	18.1	0
3921.529	18.1	0
3926.485	18.2	0
3931.431	18.2	0
3936.367	18.2	0
3941.293	18.3	0
3946.208	18.3	0
3951.113	18.3	0
3956.009	18.3	0
3960.894	18.4	0
3965.769	18.4	0
3970.634	18.4	0
3975.489	18.5	0
3980.334	18.5	0
3985.169	18.5	0
3989.994	18.6	0
3994.809	18.6	0
3999.613	18.6	0
4004.408	18.7	0
4009.193	18.7	0
4013.968	18.7	0
4018.733	18.8	0
4023.488	18.8	0
4028.233	18.8	0
4032.968	18.9	0
4037.693	18.9	0
4042.408	18.9	0
4047.113	19	0
4051.808	19	0
4056.494	19	0
4061.169	19.1	0
4065.835	19.1	0
4070.490	19.1	0
4075.136	19.2	0
4079.772	19.2	0
4084.398	19.2	0
4089.014	19.3	0
4093.620	19.3	0
4098.217	19.3	0
4102.803	19.4	0
4107.380	19.4	0
4111.947	19.4	0
4116.504	19.5	0
4121.052	19.5	0
4125.589	19.5	0
4130.117	19.6	0
4134.635	19.6	0
4139.143	19.6	0
4143.642	19.7	0
4148.130	19.7	0
4152.609	19.7	0
4157.079	19.7	0
4161.538	19.8	0
4165.987	19.8	0
4170.427	19.8	0
4174.858	19.9	0
4179.278	19.9	0
4183.689	19.9	0
4188.090	20	0
4192.482	20	0
4196.864	20	0
4201.236	20.1	0
4205.598	20.1	0
4209.951	20.1	0
4214.294	20.2	0
4218.628	20.2	0
4222.952	20.2	0
4227.266	20.3	0
4231.570	20.3	0
4235.865	20.3	0
4240.151	20.4	0
4244.427	20.4	0
4248.693	20.4	0
4252.949	20.5	0
4257.196	20.5	0
4261.434	20.5	0
4265.662	20.6	0
4269.880	20.6	0
4274.089	20.6	0
4278.288	20.6	0
4282.478	20.7	0
4286.658	20.7	0
4290.829	20.7	0
4294.990	20.8	0
4299.141	20.8	0
4303.283	20.8	0
4307.416	20.9	0
4311.539	20.9	0
4315.652	20.9	0
4319.756	21	0
4323.851	21	0
4327.936	21	0
4332.012	21.1	0
4336.078	21.1	0
4340.135	21.1	0
4344.182	21.2	0
4348.220	21.2	0
4352.249	21.2	0
4356.268	21.2	0
4360.277	21.3	0
4364.277	21.3	0
4368.268	21.3	0
4372.249	21.4	0
4376.221	21.4	0
4380.184	21.4	0
4384.137	21.5	0
4388.081	21.5	0
4392.016	21.5	0
4395.941	21.6	0
4399.856	21.6	0
4403.763	21.6	0
4407.660	21.7	0
4411.547	21.7	0
4415.426	21.7	0
4419.295	21.8	0
4423.154	21.8	0
4427.005	21.8	0
4430.846	21.8	0
4434.678	21.9	0
4438.500	21.9	0
4442.313	21.9	0
4446.117	22	0
4449.912	22	0
4453.697	22	0
4457.473	22.1	0
4461.240	22.1	0
4464.997	22.1	0
4468.745	22.2	0
4472.484	22.2	0
4476.214	22.2	0
4479.935	22.2	0
4483.646	22.3	0
4487.348	22.3	0
4491.041	22.3	0
4494.724	22.4	0
4498.398	22.4	0
