0.000	0	0
24.093	0.1	0
52.785	0.1	0
81.136	0.2	0
109.235	0.3	0
137.156	0.3	0
164.807	0.4	0
192.259	0.4	0
219.519	0.5	0
246.541	0.6	0
273.365	0.6	0
299.998	0.7	0
326.423	0.8	0
352.644	0.8	0
378.677	0.9	0
404.524	0.9	0
430.176	1	0
455.635	1.1	0
480.915	1.1	0
506.015	1.2	0
530.939	1.3	0
555.682	1.3	0
580.246	1.4	0
604.639	1.4	0
628.864	1.5	0
652.921	1.6	0
676.813	1.6	0
700.542	1.7	0
724.109	1.7	0
747.515	1.8	0
770.762	1.9	0
793.853	1.9	0
816.791	2	0
839.577	2.1	0
862.213	2.1	0
884.700	2.2	0
907.042	2.2	0
929.238	2.3	0
951.292	2.3	0
973.205	2.4	0
994.977	2.5	0
1016.612	2.5	0
1038.111	2.6	0
1059.474	2.6	0
1080.703	2.7	0
1101.800	2.8	0
1122.767	2.8	0
1143.605	2.9	0
1164.316	2.9	0
1184.902	3	0
1205.364	3.1	0
1225.703	3.1	0
1245.918	3.2	0
1266.012	3.2	0
1285.988	3.3	0
1305.847	3.3	0
1325.590	3.4	0
1345.217	3.5	0
1364.728	3.5	0
1384.127	3.6	0
1403.415	3.6	0
1422.594	3.7	0
1441.660	3.7	0
1460.619	3.8	0
1479.473	3.9	0
1498.220	3.9	0
1516.860	4	0
1535.398	4	0
1553.835	4.1	0
1572.167	4.1	0
1590.399	4.2	0
1608.534	4.3	0
1626.567	4.3	0
1644.503	4.4	0
1662.344	4.4	0
1680.087	4.5	0
1697.736	4.5	0
1715.292	4.6	0
1732.753	4.7	0
1750.125	4.7	0
1767.402	4.8	0
1784.591	4.8	0
1801.689	4.9	0
1818.699	4.9	0
1835.622	5	0
1852.457	5	0
1869.207	5.1	0
1885.869	5.2	0
1902.450	5.2	0
1918.944	5.3	0
1935.357	5.3	0
1951.686	5.4	0
1967.935	5.4	0
1984.102	5.5	0
2000.190	5.5	0
2016.198	5.6	0
2032.127	5.6	0
2047.979	5.7	0
2063.753	5.8	0
2079.451	5.8	0
2095.072	5.9	0
2110.619	5.9	0
2126.090	6	0
2141.489	6	0
2156.814	6.1	0
2172.065	6.1	0
2187.246	6.2	0
2202.353	6.2	0
2217.391	6.3	0
2232.359	6.3	0
2247.256	6.4	0
2262.085	6.5	0
2276.846	6.5	0
2291.537	6.6	0
2306.162	6.6	0
2320.720	6.7	0
2335.212	6.7	0
2349.637	6.8	0
2363.999	6.8	0
2378.295	6.9	0
2392.527	6.9	0
2406.695	7	0
2420.801	7	0
2434.843	7.1	0
2448.824	7.1	0
2462.742	7.2	0
2476.601	7.2	0
2490.398	7.3	0
2504.134	7.4	0
2517.812	7.4	0
2531.430	7.5	0
2544.989	7.5	0
2558.490	7.6	0
2571.932	7.6	0
2585.318	7.7	0
2598.646	7.7	0
2611.918	7.8	0
2625.134	7.8	0
2638.294	7.9	0
2651.398	7.9	0
2664.447	8	0
2677.443	8	0
2690.384	8.1	0
2703.271	8.1	0
2716.105	8.2	0
2728.886	8.2	0
2741.615	8.3	0
2754.291	8.3	0
2766.915	8.4	0
2779.488	8.4	0
2792.010	8.5	0
2804.481	8.5	0
2816.902	8.6	0
2829.273	8.6	0
2841.594	8.7	0
2853.866	8.7	0
2866.089	8.8	0
2878.264	8.8	0
2890.390	8.9	0
2902.469	8.9	0
2914.499	9	0
2926.483	9	0
2938.419	9.1	0
2950.309	9.1	0
2962.153	9.2	0
2973.950	9.2	0
2985.702	9.3	0
2997.409	9.3	0
3009.070	9.4	0
3020.687	9.4	0
3032.259	9.5	0
3043.787	9.5	0
3055.271	9.6	0
3066.712	9.6	0
3078.109	9.7	0
3089.463	9.7	0
3100.775	9.8	0
3112.044	9.8	0
3123.270	9.9	0
3134.455	9.9	0
3145.598	10	0
3156.699	10	0
3167.760	10.1	0
3178.779	10.1	0
3189.758	10.2	0
3200.697	10.2	0
3211.596	10.3	0
3222.454	10.3	0
3233.273	10.4	0
3244.053	10.4	0
3254.793	10.5	0
3265.495	10.5	0
3276.158	10.6	0
3286.782	10.6	0
3297.368	10.7	0
3307.917	10.7	0
3318.427	10.8	0
3328.901	10.8	0
3339.337	10.8	0
3349.735	10.9	0
3360.097	10.9	0
3370.422	11	0
3380.712	11	0
3390.964	11.1	0
3401.181	11.1	0
3411.362	11.2	0
3421.507	11.2	0
3431.618	11.3	0
3441.692	11.3	0
3451.732	11.4	0
3461.738	11.4	0
3471.708	11.5	0
3481.645	11.5	0
3491.547	11.6	0
3501.416	11.6	0
3511.250	11.7	0
3521.050	11.7	0
3530.818	11.8	0
3540.553	11.8	0
3550.254	11.8	0
3559.922	11.9	0
3569.558	11.9	0
3579.161	12	0
3588.732	12	0
3598.272	12.1	0
3607.778	12.1	0
3617.254	12.2	0
3626.697	12.2	0
3636.109	12.3	0
3645.490	12.3	0
3654.840	12.4	0
3664.159	12.4	0
3673.448	12.5	0
3682.705	12.5	0
3691.932	12.5	0
3701.129	12.6	0
3710.295	12.6	0
3719.432	12.7	0
3728.539	12.7	0
3737.617	12.8	0
3746.665	12.8	0
3755.683	12.9	0
3764.672	12.9	0
3773.632	13	0
3782.564	13	0
3791.466	13	0
3800.340	13.1	0
3809.186	13.1	0
3818.003	13.2	0
3826.792	13.2	0
3835.553	13.3	0
3844.286	13.3	0
3852.992	13.4	0
3861.669	13.4	0
3870.320	13.5	0
3878.943	13.5	0
3887.538	13.5	0
3896.107	13.6	0
3904.649	13.6	0
3913.164	13.7	0
3921.652	13.7	0
3930.114	13.8	0
3938.549	13.8	0
3946.958	13.9	0
3955.341	13.9	0
3963.697	14	0
3972.028	14	0
3980.333	14	0
3988.612	14.1	0
3996.866	14.1	0
4005.094	14.2	0
4013.297	14.2	0
4021.475	14.3	0
4029.628	14.3	0
4037.755	14.4	0
4045.858	14.4	0
4053.936	14.4	0
4061.990	14.5	0
4070.019	14.5	0
4078.023	14.6	0
4086.003	14.6	0
4093.959	14.7	0
4101.891	14.7	0
4109.799	14.8	0
4117.683	14.8	0
4125.544	14.8	0
4133.380	14.9	0
4141.194	14.9	0
4148.983	15	0
4156.750	15	0
4164.493	15.1	0
4172.213	15.1	0
4179.910	15.1	0
4187.584	15.2	0
4195.235	15.2	0
4202.863	15.3	0
4210.469	15.3	0
4218.052	15.4	0
4225.613	15.4	0
4233.151	15.5	0
4240.668	15.5	0
4248.162	15.5	0
4255.634	15.6	0
4263.083	15.6	0
4270.512	15.7	0
4277.918	15.7	0
4285.302	15.8	0
4292.665	15.8	0
4300.007	15.8	0
4307.327	15.9	0
4314.625	15.9	0
4321.903	16	0
4329.159	16	0
4336.394	16.1	0
4343.608	16.1	0
4350.801	16.1	0
4357.973	16.2	0
4365.125	16.2	0
4372.256	16.3	0
4379.366	16.3	0
4386.456	16.4	0
4393.526	16.4	0
4400.574	16.4	0
4407.603	16.5	0
4414.612	16.5	0
4421.600	16.6	0
4428.569	16.6	0
4435.517	16.7	0
4442.446	16.7	0
4449.355	16.7	0
4456.244	16.8	0
4463.113	16.8	0
4469.963	16.9	0
4476.793	16.9	0
4483.604	17	0
4490.396	17	0
4497.168	17	0
