0.000	0	55
49.395	0.1	54
103.411	0.2	52
155.817	0.3	50
206.707	0.4	49
256.166	0.4	47
304.192	0.5	46
350.950	0.6	45
396.452	0.7	44
440.794	0.8	42
483.990	0.9	41
526.132	0.9	40
567.260	1	39
607.395	1.1	38
646.603	1.2	37
684.921	1.3	37
722.386	1.4	36
759.033	1.4	35
794.894	1.5	34
830.001	1.6	33
864.386	1.7	33
898.071	1.7	32
931.082	1.8	31
963.451	1.9	31
995.203	2	30
1026.346	2.1	30
1056.917	2.1	29
1086.928	2.2	29
1116.400	2.3	28
1145.351	2.3	28
1173.800	2.4	27
1201.758	2.5	27
1229.248	2.6	26
1256.281	2.6	26
1282.868	2.7	25
1309.029	2.8	25
1334.775	2.9	25
1360.118	2.9	24
1385.069	3	24
1409.638	3.1	23
1433.839	3.1	23
1457.682	3.2	23
1481.176	3.3	23
1504.332	3.4	22
1527.158	3.4	22
1549.663	3.5	22
1571.854	3.6	21
1593.741	3.6	21
1615.333	3.7	21
1636.637	3.8	20
1657.660	3.8	20
1678.406	3.9	20
1698.885	4	20
1719.106	4	19
1739.068	4.1	19
1758.784	4.2	19
1778.257	4.2	19
1797.492	4.3	19
1816.497	4.4	18
1835.273	4.4	18
1853.831	4.5	18
1872.170	4.6	18
1890.299	4.6	18
1908.221	4.7	17
1925.939	4.7	17
1943.462	4.8	17
1960.788	4.9	17
1977.925	4.9	17
1994.878	5	17
2011.647	5.1	16
2028.238	5.1	16
2044.654	5.2	16
2060.900	5.2	16
2076.978	5.3	16
2092.891	5.4	16
2108.642	5.4	15
2124.236	5.5	15
2139.674	5.6	15
2154.960	5.6	15
2170.096	5.7	15
2185.086	5.7	15
2199.932	5.8	15
2214.636	5.9	15
2229.202	5.9	14
2243.632	6	14
2257.927	6	14
2272.091	6.1	14
2286.126	6.2	14
2300.034	6.2	14
2313.818	6.3	14
2327.478	6.3	14
2341.017	6.4	13
2354.438	6.4	13
2367.743	6.5	13
2380.933	6.6	13
2394.010	6.6	13
2406.976	6.7	13
2419.833	6.7	13
2432.583	6.8	13
2445.226	6.8	13
2457.765	6.9	13
2470.202	7	12
2482.538	7	12
2494.775	7.1	12
2506.914	7.1	12
2518.956	7.2	12
2530.904	7.2	12
2542.758	7.3	12
2554.520	7.4	12
2566.191	7.4	12
2577.772	7.5	12
2589.266	7.5	12
2600.673	7.6	12
2611.994	7.6	12
2623.230	7.7	11
2634.384	7.7	11
2645.455	7.8	11
2656.445	7.8	11
2667.356	7.9	11
2678.187	8	11
2688.942	8	11
2699.619	8.1	11
2710.221	8.1	11
2720.748	8.2	11
2731.202	8.2	11
2741.582	8.3	11
2751.892	8.3	11
2762.130	8.4	11
2772.298	8.4	11
2782.398	8.5	10
2792.430	8.5	10
2802.394	8.6	10
2812.292	8.6	10
2822.124	8.7	10
2831.892	8.7	10
2841.595	8.8	10
2851.235	8.9	10
2860.813	8.9	10
2870.330	9	10
2879.785	9	10
2889.180	9.1	10
2898.516	9.1	10
2907.793	9.2	10
2917.011	9.2	10
2926.173	9.3	10
2935.277	9.3	10
2944.326	9.4	10
2953.319	9.4	10
2962.257	9.5	9
2971.141	9.5	9
2979.971	9.6	9
2988.748	9.6	9
2997.473	9.7	9
3006.146	9.7	9
3014.768	9.8	9
3023.338	9.8	9
3031.859	9.9	9
3040.330	9.9	9
3048.752	10	9
3057.126	10	9
3065.451	10.1	9
3073.729	10.1	9
3081.959	10.2	9
3090.144	10.2	9
3098.282	10.3	9
3106.374	10.3	9
3114.421	10.4	9
3122.423	10.4	9
3130.381	10.5	9
3138.296	10.5	9
3146.167	10.6	9
3153.995	10.6	9
3161.781	10.6	9
3169.524	10.7	8
3177.226	10.7	8
3184.886	10.8	8
3192.506	10.8	8
3200.085	10.9	8
3207.624	10.9	8
3215.123	11	8
3222.583	11	8
3230.004	11.1	8
3237.386	11.1	8
3244.730	11.2	8
3252.036	11.2	8
3259.305	11.3	8
3266.536	11.3	8
3273.731	11.4	8
3280.889	11.4	8
3288.011	11.5	8
3295.097	11.5	8
3302.147	11.5	8
3309.162	11.6	8
3316.142	11.6	8
3323.088	11.7	8
3329.999	11.7	8
3336.876	11.8	8
3343.720	11.8	8
3350.530	11.9	8
3357.307	11.9	8
3364.051	12	8
3370.762	12	8
3377.442	12.1	8
3384.089	12.1	8
3390.704	12.1	8
3397.288	12.2	8
3403.841	12.2	8
3410.362	12.3	8
3416.853	12.3	7
3423.314	12.4	7
3429.744	12.4	7
3436.144	12.5	7
3442.514	12.5	7
3448.855	12.5	7
3455.167	12.6	7
3461.450	12.6	7
3467.703	12.7	7
3473.929	12.7	7
3480.125	12.8	7
3486.294	12.8	7
3492.435	12.9	7
3498.548	12.9	7
3504.634	13	7
3510.692	13	7
3516.723	13	7
3522.727	13.1	7
3528.705	13.1	7
3534.656	13.2	7
3540.581	13.2	7
3546.479	13.3	7
3552.352	13.3	7
3558.199	13.3	7
3564.021	13.4	7
3569.817	13.4	7
3575.589	13.5	7
3581.335	13.5	7
3587.056	13.6	7
3592.753	13.6	7
3598.426	13.6	7
3604.074	13.7	7
3609.698	13.7	7
3615.298	13.8	7
3620.874	13.8	7
3626.427	13.9	7
3631.956	13.9	7
3637.462	13.9	7
3642.945	14	7
3648.405	14	7
3653.843	14.1	7
3659.257	14.1	7
3664.649	14.2	7
3670.019	14.2	7
3675.367	14.2	7
3680.692	14.3	7
3685.996	14.3	7
3691.278	14.4	7
3696.538	14.4	7
3701.777	14.5	7
3706.995	14.5	7
3712.191	14.5	7
3717.366	14.6	7
3722.521	14.6	7
3727.654	14.7	7
3732.767	14.7	7
3737.860	14.8	7
3742.932	14.8	7
3747.983	14.8	7
3753.015	14.9	6
3758.027	14.9	6
3763.018	15	6
3767.990	15	6
3772.943	15	6
3777.875	15.1	6
3782.789	15.1	6
3787.683	15.2	6
3792.558	15.2	6
3797.414	15.2	6
3802.251	15.3	6
3807.069	15.3	6
3811.868	15.4	6
3816.649	15.4	6
3821.411	15.5	6
3826.155	15.5	6
3830.881	15.5	6
3835.588	15.6	6
3840.277	15.6	6
3844.949	15.7	6
3849.602	15.7	6
3854.238	15.7	6
3858.856	15.8	6
3863.457	15.8	6
3868.040	15.9	6
3872.606	15.9	6
3877.154	15.9	6
3881.685	16	6
3886.199	16	6
3890.697	16.1	6
3895.177	16.1	6
3899.640	16.1	6
3904.087	16.2	6
3908.517	16.2	6
3912.931	16.3	6
3917.328	16.3	6
3921.709	16.3	6
3926.073	16.4	6
3930.422	16.4	6
3934.754	16.5	6
3939.070	16.5	6
3943.371	16.5	6
3947.655	16.6	6
3951.924	16.6	6
3956.177	16.7	6
3960.414	16.7	6
3964.636	16.7	6
3968.843	16.8	6
3973.034	16.8	6
3977.210	16.9	6
3981.371	16.9	6
3985.516	16.9	6
3989.647	17	6
3993.762	17	6
3997.863	17	6
4001.948	17.1	6
4006.019	17.1	6
4010.076	17.2	6
4014.117	17.2	6
4018.144	17.2	6
4022.157	17.3	6
4026.155	17.3	6
4030.139	17.4	6
4034.109	17.4	6
4038.064	17.4	6
4042.006	17.5	6
4045.933	17.5	6
4049.846	17.5	6
4053.745	17.6	6
4057.631	17.6	6
4061.502	17.7	6
4065.360	17.7	6
4069.205	17.7	6
4073.035	17.8	6
4076.852	17.8	6
4080.656	17.9	6
4084.446	17.9	6
4088.223	17.9	6
4091.986	18	6
4095.736	18	6
4099.473	18.1	6
4103.197	18.1	6
4106.908	18.1	6
4110.605	18.2	6
4114.290	18.2	6
4117.962	18.2	6
4121.621	18.3	6
4125.267	18.3	6
4128.901	18.4	6
4132.522	18.4	6
4136.130	18.4	6
4139.725	18.5	6
4143.308	18.5	6
4146.879	18.5	6
4150.437	18.6	6
4153.983	18.6	6
4157.517	18.7	6
4161.038	18.7	6
4164.547	18.7	6
4168.044	18.8	6
4171.528	18.8	6
4175.001	18.8	6
4178.462	18.9	6
4181.910	18.9	6
4185.347	19	6
4188.772	19	6
4192.185	19	6
4195.586	19.1	6
4198.976	19.1	6
4202.354	19.1	6
4205.720	19.2	6
4209.075	19.2	6
4212.418	19.2	6
4215.749	19.3	6
4219.070	19.3	6
4222.379	19.4	6
4225.676	19.4	6
4228.962	19.4	6
4232.237	19.5	6
4235.500	19.5	6
4238.752	19.5	6
4241.994	19.6	6
4245.224	19.6	6
4248.443	19.7	6
4251.651	19.7	6
4254.847	19.7	6
4258.034	19.8	6
4261.209	19.8	6
4264.373	19.8	6
4267.526	19.9	6
4270.669	19.9	6
4273.801	19.9	6
4276.922	20	6
4280.032	20	6
4283.132	20.1	6
4286.221	20.1	6
4289.300	20.1	6
4292.368	20.2	6
4295.426	20.2	6
4298.473	20.2	6
4301.510	20.3	6
4304.536	20.3	6
4307.552	20.3	6
4310.558	20.4	6
4313.553	20.4	6
4316.538	20.4	6
4319.514	20.5	6
4322.478	20.5	6
4325.433	20.6	6
4328.378	20.6	6
4331.312	20.6	6
4334.237	20.7	6
4337.151	20.7	6
4340.056	20.7	6
4342.950	20.8	6
4345.835	20.8	6
4348.710	20.8	6
4351.575	20.9	6
4354.430	20.9	6
4357.276	20.9	6
4360.111	21	6
4362.937	21	6
4365.754	21	6
4368.560	21.1	6
4371.357	21.1	6
4374.145	21.2	6
4376.923	21.2	6
4379.691	21.2	6
4382.450	21.3	6
4385.199	21.3	6
4387.939	21.3	6
4390.670	21.4	6
4393.391	21.4	6
4396.102	21.4	6
4398.805	21.5	6
4401.498	21.5	6
4404.182	21.5	6
4406.857	21.6	6
4409.522	21.6	6
4412.178	21.6	6
4414.825	21.7	6
4417.463	21.7	6
4420.092	21.7	6
4422.712	21.8	6
4425.322	21.8	6
4427.924	21.9	6
4430.517	21.9	6
4433.100	21.9	6
4435.675	22	6
4438.241	22	6
4440.798	22	6
4443.346	22.1	6
4445.885	22.1	6
4448.415	22.1	6
4450.937	22.2	6
4453.450	22.2	6
4455.954	22.2	6
4458.449	22.3	6
4460.935	22.3	6
4463.413	22.3	6
4465.883	22.4	6
4468.343	22.4	6
4470.795	22.4	6
4473.239	22.5	6
4475.673	22.5	6
4478.100	22.5	6
4480.517	22.6	6
4482.927	22.6	6
4485.328	22.6	6
4487.720	22.7	6
4490.104	22.7	6
4492.479	22.7	6
4494.846	22.8	6
4497.205	22.8	6
4499.556	22.8	6
