0.000	0	0
146.318	0.2	0
285.465	0.3	0
410.010	0.4	0
522.620	0.6	0
625.262	0.7	0
719.547	0.8	0
806.657	1	0
887.583	1.1	0
963.081	1.2	0
1033.836	1.3	0
1100.383	1.5	0
1163.177	1.6	0
1222.598	1.7	0
1278.984	1.8	0
1332.622	1.9	0
1383.757	2	0
1432.609	2.1	0
1479.355	2.2	0
1524.181	2.3	0
1567.217	2.4	0
1608.607	2.5	0
1648.467	2.6	0
1686.903	2.7	0
1724.010	2.8	0
1759.870	2.9	0
1794.572	3	0
1828.175	3.1	0
1860.753	3.2	0
1892.364	3.3	0
1923.059	3.4	0
1952.890	3.5	0
1981.904	3.6	0
2010.142	3.7	0
2037.643	3.7	0
2064.447	3.8	0
2090.586	3.9	0
2116.089	4	0
2140.990	4.1	0
2165.312	4.2	0
2189.083	4.3	0
2212.327	4.3	0
2235.067	4.4	0
2257.320	4.5	0
2279.110	4.6	0
2300.454	4.7	0
2321.371	4.7	0
2341.875	4.8	0
2361.982	4.9	0
2381.709	5	0
2401.068	5.1	0
2420.074	5.1	0
2438.736	5.2	0
2457.070	5.3	0
2475.084	5.4	0
2492.792	5.4	0
2510.199	5.5	0
2527.320	5.6	0
2544.162	5.7	0
2560.733	5.7	0
2577.042	5.8	0
2593.099	5.9	0
2608.909	5.9	0
2624.480	6	0
2639.819	6.1	0
2654.933	6.2	0
2669.828	6.2	0
2684.510	6.3	0
2698.986	6.4	0
2713.260	6.4	0
2727.338	6.5	0
2741.227	6.6	0
2754.930	6.6	0
2768.452	6.7	0
2781.798	6.8	0
2794.972	6.8	0
2807.980	6.9	0
2820.823	7	0
2833.508	7	0
2846.036	7.1	0
2858.414	7.2	0
2870.643	7.2	0
2882.727	7.3	0
2894.670	7.4	0
2906.475	7.4	0
2918.144	7.5	0
2929.682	7.5	0
2941.091	7.6	0
2952.372	7.7	0
2963.530	7.7	0
2974.567	7.8	0
2985.486	7.9	0
2996.289	7.9	0
3006.977	8	0
3017.555	8	0
3028.023	8.1	0
3038.384	8.2	0
3048.641	8.2	0
3058.795	8.3	0
3068.848	8.3	0
3078.802	8.4	0
3088.659	8.5	0
3098.421	8.5	0
3108.090	8.6	0
3117.667	8.6	0
3127.154	8.7	0
3136.553	8.8	0
3145.865	8.8	0
3155.091	8.9	0
3164.234	8.9	0
3173.295	9	0
3182.275	9.1	0
3191.176	9.1	0
3199.998	9.2	0
3208.743	9.2	0
3217.414	9.3	0
3226.009	9.3	0
3234.532	9.4	0
3242.984	9.4	0
3251.364	9.5	0
3259.675	9.6	0
3267.917	9.6	0
3276.092	9.7	0
3284.201	9.7	0
3292.244	9.8	0
3300.223	9.8	0
3308.139	9.9	0
3315.992	9.9	0
3323.784	10	0
3331.516	10.1	0
3339.188	10.1	0
3346.801	10.2	0
3354.357	10.2	0
3361.855	10.3	0
3369.297	10.3	0
3376.684	10.4	0
3384.016	10.4	0
3391.294	10.5	0
3398.519	10.5	0
3405.692	10.6	0
3412.813	10.6	0
3419.883	10.7	0
3426.903	10.7	0
3433.872	10.8	0
3440.793	10.9	0
3447.666	10.9	0
3454.491	11	0
3461.270	11	0
3468.001	11.1	0
3474.687	11.1	0
3481.327	11.2	0
3487.923	11.2	0
3494.474	11.3	0
3500.982	11.3	0
3507.447	11.4	0
3513.870	11.4	0
3520.250	11.5	0
3526.589	11.5	0
3532.887	11.6	0
3539.144	11.6	0
3545.362	11.7	0
3551.540	11.7	0
3557.678	11.8	0
3563.778	11.8	0
3569.840	11.9	0
3575.864	11.9	0
3581.851	12	0
3587.801	12	0
3593.714	12.1	0
3599.591	12.1	0
3605.433	12.2	0
3611.239	12.2	0
3617.011	12.3	0
3622.748	12.3	0
3628.451	12.4	0
3634.120	12.4	0
3639.755	12.5	0
3645.358	12.5	0
3650.928	12.6	0
3656.465	12.6	0
3661.971	12.6	0
3667.444	12.7	0
3672.887	12.7	0
3678.298	12.8	0
3683.679	12.8	0
3689.029	12.9	0
3694.349	12.9	0
3699.639	13	0
3704.900	13	0
3710.131	13.1	0
3715.334	13.1	0
3720.508	13.2	0
3725.654	13.2	0
3730.771	13.3	0
3735.861	13.3	0
3740.923	13.4	0
3745.958	13.4	0
3750.965	13.4	0
3755.946	13.5	0
3760.901	13.5	0
3765.829	13.6	0
3770.731	13.6	0
3775.607	13.7	0
3780.457	13.7	0
3785.283	13.8	0
3790.083	13.8	0
3794.858	13.9	0
3799.608	13.9	0
3804.334	14	0
3809.036	14	0
3813.714	14	0
3818.368	14.1	0
3822.998	14.1	0
3827.605	14.2	0
3832.189	14.2	0
3836.749	14.3	0
3841.287	14.3	0
3845.802	14.4	0
3850.295	14.4	0
3854.765	14.4	0
3859.214	14.5	0
3863.640	14.5	0
3868.045	14.6	0
3872.429	14.6	0
3876.790	14.7	0
3881.131	14.7	0
3885.451	14.8	0
3889.749	14.8	0
3894.028	14.8	0
3898.285	14.9	0
3902.522	14.9	0
3906.739	15	0
3910.936	15	0
3915.113	15.1	0
3919.271	15.1	0
3923.408	15.1	0
3927.527	15.2	0
3931.626	15.2	0
3935.705	15.3	0
3939.766	15.3	0
3943.808	15.4	0
3947.831	15.4	0
3951.836	15.4	0
3955.822	15.5	0
3959.790	15.5	0
3963.739	15.6	0
3967.671	15.6	0
3971.584	15.7	0
3975.480	15.7	0
3979.358	15.7	0
3983.219	15.8	0
3987.062	15.8	0
3990.888	15.9	0
3994.696	15.9	0
3998.488	16	0
4002.262	16	0
4006.020	16	0
4009.761	16.1	0
4013.485	16.1	0
4017.193	16.2	0
4020.885	16.2	0
4024.560	16.2	0
4028.219	16.3	0
4031.862	16.3	0
4035.489	16.4	0
4039.100	16.4	0
4042.695	16.5	0
4046.275	16.5	0
4049.839	16.5	0
4053.388	16.6	0
4056.922	16.6	0
4060.440	16.7	0
4063.943	16.7	0
4067.430	16.7	0
4070.903	16.8	0
4074.361	16.8	0
4077.805	16.9	0
4081.233	16.9	0
4084.647	16.9	0
4088.046	17	0
4091.431	17	0
4094.802	17.1	0
4098.158	17.1	0
4101.501	17.1	0
4104.829	17.2	0
4108.143	17.2	0
4111.443	17.3	0
4114.729	17.3	0
4118.002	17.4	0
4121.261	17.4	0
4124.506	17.4	0
4127.738	17.5	0
4130.956	17.5	0
4134.161	17.6	0
4137.353	17.6	0
4140.531	17.6	0
4143.696	17.7	0
4146.849	17.7	0
4149.988	17.7	0
4153.114	17.8	0
4156.227	17.8	0
4159.328	17.9	0
4162.416	17.9	0
4165.491	18	0
4168.554	18	0
4171.604	18	0
4174.641	18.1	0
4177.667	18.1	0
4180.680	18.2	0
4183.680	18.2	0
4186.669	18.2	0
4189.645	18.3	0
4192.610	18.3	0
4195.562	18.3	0
4198.502	18.4	0
4201.431	18.4	0
4204.347	18.5	0
4207.252	18.5	0
4210.146	18.5	0
4213.027	18.6	0
4215.897	18.6	0
4218.756	18.7	0
4221.603	18.7	0
4224.438	18.7	0
4227.262	18.8	0
4230.075	18.8	0
4232.877	18.9	0
4235.668	18.9	0
4238.447	18.9	0
4241.215	19	0
4243.972	19	0
4246.719	19	0
4249.454	19.1	0
4252.178	19.1	0
4254.892	19.2	0
4257.595	19.2	0
4260.287	19.2	0
4262.968	19.3	0
4265.639	19.3	0
4268.299	19.3	0
4270.949	19.4	0
4273.588	19.4	0
4276.217	19.5	0
4278.835	19.5	0
4281.443	19.5	0
4284.041	19.6	0
4286.628	19.6	0
4289.206	19.6	0
4291.773	19.7	0
4294.330	19.7	0
4296.876	19.8	0
4299.413	19.8	0
4301.940	19.8	0
4304.457	19.9	0
4306.964	19.9	0
4309.461	19.9	0
4311.948	20	0
4314.426	20	0
4316.894	20.1	0
4319.352	20.1	0
4321.800	20.1	0
4324.239	20.2	0
4326.668	20.2	0
4329.088	20.2	0
4331.498	20.3	0
4333.899	20.3	0
4336.290	20.4	0
4338.672	20.4	0
4341.045	20.4	0
4343.408	20.5	0
4345.762	20.5	0
4348.107	20.5	0
4350.442	20.6	0
4352.768	20.6	0
4355.086	20.7	0
4357.394	20.7	0
4359.693	20.7	0
4361.983	20.8	0
4364.264	20.8	0
4366.536	20.8	0
4368.799	20.9	0
4371.053	20.9	0
4373.298	20.9	0
4375.535	21	0
4377.763	21	0
4379.982	21.1	0
4382.192	21.1	0
4384.393	21.1	0
4386.586	21.2	0
4388.770	21.2	0
4390.946	21.2	0
4393.113	21.3	0
4395.272	21.3	0
4397.422	21.3	0
4399.563	21.4	0
4401.696	21.4	0
4403.821	21.4	0
4405.937	21.5	0
4408.045	21.5	0
4410.144	21.6	0
4412.236	21.6	0
4414.318	21.6	0
4416.393	21.7	0
4418.460	21.7	0
4420.518	21.7	0
4422.568	21.8	0
4424.610	21.8	0
4426.644	21.8	0
4428.670	21.9	0
4430.687	21.9	0
4432.697	21.9	0
4434.699	22	0
4436.692	22	0
4438.678	22.1	0
4440.656	22.1	0
4442.626	22.1	0
4444.588	22.2	0
4446.542	22.2	0
4448.488	22.2	0
4450.426	22.3	0
4452.357	22.3	0
4454.280	22.3	0
4456.195	22.4	0
4458.103	22.4	0
4460.003	22.4	0
4461.895	22.5	0
4463.779	22.5	0
4465.656	22.5	0
4467.526	22.6	0
4469.387	22.6	0
4471.242	22.7	0
4473.088	22.7	0
4474.928	22.7	0
4476.759	22.8	0
4478.583	22.8	0
4480.400	22.8	0
4482.210	22.9	0
4484.012	22.9	0
4485.806	22.9	0
4487.594	23	0
4489.374	23	0
4491.146	23	0
4492.912	23.1	0
4494.670	23.1	0
4496.420	23.1	0
4498.164	23.2	0
4499.900	23.2	0
