0.000	0	0
22.046	0.1	0
48.376	0.1	0
74.569	0.2	0
100.627	0.2	0
126.551	0.3	0
152.343	0.4	0
178.004	0.4	0
203.535	0.5	0
228.931	0.6	0
254.196	0.6	0
279.337	0.7	0
304.355	0.7	0
329.251	0.8	0
354.025	0.9	0
378.679	0.9	0
403.214	1	0
427.629	1	0
451.927	1.1	0
476.108	1.2	0
500.174	1.2	0
524.125	1.3	0
547.962	1.3	0
571.686	1.4	0
595.298	1.5	0
618.800	1.5	0
642.192	1.6	0
665.475	1.6	0
688.650	1.7	0
711.718	1.8	0
734.680	1.8	0
757.535	1.9	0
780.284	1.9	0
802.930	2	0
825.473	2	0
847.915	2.1	0
870.255	2.2	0
892.496	2.2	0
914.638	2.3	0
936.681	2.3	0
958.625	2.4	0
980.470	2.4	0
1002.219	2.5	0
1023.873	2.6	0
1045.433	2.6	0
1066.900	2.7	0
1088.272	2.7	0
1109.549	2.8	0
1130.735	2.9	0
1151.831	2.9	0
1172.837	3	0
1193.753	3	0
1214.576	3.1	0
1235.313	3.1	0
1255.963	3.2	0
1276.526	3.3	0
1297.000	3.3	0
1317.388	3.4	0
1337.693	3.4	0
1357.913	3.5	0
1378.047	3.5	0
1398.099	3.6	0
1418.069	3.7	0
1437.955	3.7	0
1457.759	3.8	0
1477.484	3.8	0
1497.127	3.9	0
1516.690	3.9	0
1536.175	4	0
1555.581	4.1	0
1574.907	4.1	0
1594.158	4.2	0
1613.331	4.2	0
1632.426	4.3	0
1651.448	4.3	0
1670.392	4.4	0
1689.261	4.5	0
1708.058	4.5	0
1726.778	4.6	0
1745.427	4.6	0
1764.002	4.7	0
1782.505	4.7	0
1800.937	4.8	0
1819.296	4.8	0
1837.586	4.9	0
1855.803	5	0
1873.952	5	0
1892.031	5.1	0
1910.041	5.1	0
1927.983	5.2	0
1945.856	5.2	0
1963.662	5.3	0
1981.400	5.3	0
1999.073	5.4	0
2016.677	5.5	0
2034.218	5.5	0
2051.691	5.6	0
2069.102	5.6	0
2086.445	5.7	0
2103.726	5.7	0
2120.942	5.8	0
2138.096	5.8	0
2155.185	5.9	0
2172.214	5.9	0
2189.179	6	0
2206.083	6.1	0
2222.925	6.1	0
2239.707	6.2	0
2256.428	6.2	0
2273.088	6.3	0
2289.690	6.3	0
2306.230	6.4	0
2322.713	6.4	0
2339.137	6.5	0
2355.501	6.5	0
2371.809	6.6	0
2388.058	6.7	0
2404.250	6.7	0
2420.386	6.8	0
2436.464	6.8	0
2452.486	6.9	0
2468.453	6.9	0
2484.363	7	0
2500.219	7	0
2516.019	7.1	0
2531.765	7.1	0
2547.457	7.2	0
2563.094	7.2	0
2578.678	7.3	0
2594.209	7.3	0
2609.686	7.4	0
2625.111	7.5	0
2640.484	7.5	0
2655.804	7.6	0
2671.072	7.6	0
2686.289	7.7	0
2701.456	7.7	0
2716.570	7.8	0
2731.634	7.8	0
2746.648	7.9	0
2761.612	7.9	0
2776.526	8	0
2791.390	8	0
2806.206	8.1	0
2820.973	8.1	0
2835.690	8.2	0
2850.359	8.2	0
2864.980	8.3	0
2879.554	8.4	0
2894.079	8.4	0
2908.557	8.5	0
2922.989	8.5	0
2937.374	8.6	0
2951.712	8.6	0
2966.003	8.7	0
2980.248	8.7	0
2994.448	8.8	0
3008.602	8.8	0
3022.711	8.9	0
3036.775	8.9	0
3050.793	9	0
3064.767	9	0
3078.697	9.1	0
3092.583	9.1	0
3106.425	9.2	0
3120.223	9.2	0
3133.978	9.3	0
3147.689	9.3	0
3161.357	9.4	0
3174.983	9.4	0
3188.566	9.5	0
3202.107	9.5	0
3215.606	9.6	0
3229.063	9.6	0
3242.478	9.7	0
3255.851	9.7	0
3269.183	9.8	0
3282.475	9.8	0
3295.725	9.9	0
3308.935	9.9	0
3322.104	10	0
3335.233	10	0
3348.322	10.1	0
3361.372	10.1	0
3374.382	10.2	0
3387.352	10.2	0
3400.283	10.3	0
3413.175	10.3	0
3426.028	10.4	0
3438.842	10.5	0
3451.618	10.5	0
3464.355	10.6	0
3477.055	10.6	0
3489.716	10.7	0
3502.340	10.7	0
3514.926	10.8	0
3527.475	10.8	0
3539.986	10.9	0
3552.461	10.9	0
3564.899	11	0
3577.300	11	0
3589.664	11.1	0
3601.992	11.1	0
3614.284	11.2	0
3626.540	11.2	0
3638.760	11.2	0
3650.945	11.3	0
3663.094	11.3	0
3675.207	11.4	0
3687.285	11.4	0
3699.329	11.5	0
3711.337	11.5	0
3723.311	11.6	0
3735.251	11.6	0
3747.156	11.7	0
3759.026	11.7	0
3770.863	11.8	0
3782.666	11.8	0
3794.435	11.9	0
3806.171	11.9	0
3817.872	12	0
3829.541	12	0
3841.176	12.1	0
3852.778	12.1	0
3864.348	12.2	0
3875.885	12.2	0
3887.389	12.3	0
3898.861	12.3	0
3910.300	12.4	0
3921.707	12.4	0
3933.083	12.5	0
3944.426	12.5	0
3955.738	12.6	0
3967.018	12.6	0
3978.267	12.7	0
3989.483	12.7	0
4000.669	12.8	0
4011.824	12.8	0
4022.948	12.9	0
4034.041	12.9	0
4045.104	13	0
4056.135	13	0
4067.137	13.1	0
4078.108	13.1	0
4089.049	13.2	0
4099.960	13.2	0
4110.841	13.2	0
4121.692	13.3	0
4132.513	13.3	0
4143.305	13.4	0
4154.068	13.4	0
4164.801	13.5	0
4175.504	13.5	0
4186.179	13.6	0
4196.825	13.6	0
4207.442	13.7	0
4218.030	13.7	0
4228.590	13.8	0
4239.121	13.8	0
4249.624	13.9	0
4260.098	13.9	0
4270.544	14	0
4280.963	14	0
4291.353	14.1	0
4301.715	14.1	0
4312.050	14.2	0
4322.357	14.2	0
4332.636	14.2	0
4342.889	14.3	0
4353.114	14.3	0
4363.311	14.4	0
4373.482	14.4	0
4383.625	14.5	0
4393.742	14.5	0
4403.832	14.6	0
4413.895	14.6	0
4423.931	14.7	0
4433.941	14.7	0
4443.925	14.8	0
4453.883	14.8	0
4463.814	14.9	0
4473.719	14.9	0
4483.598	14.9	0
4493.451	15	0
