0.000	0	0
14.343	0.1	0
32.172	0.1	0
49.893	0.2	0
67.507	0.2	0
85.014	0.3	0
102.417	0.3	0
119.716	0.4	0
136.913	0.4	0
154.009	0.5	0
171.004	0.5	0
187.900	0.6	0
204.698	0.6	0
221.400	0.7	0
238.005	0.7	0
254.516	0.8	0
270.934	0.8	0
287.258	0.9	0
303.487	0.9	0
319.624	0.9	0
335.671	1	0
351.630	1	0
367.501	1.1	0
383.286	1.1	0
398.984	1.2	0
414.597	1.2	0
430.126	1.3	0
445.572	1.3	0
460.931	1.4	0
476.206	1.4	0
491.401	1.5	0
506.517	1.5	0
521.553	1.6	0
536.511	1.6	0
551.389	1.7	0
566.187	1.7	0
580.908	1.8	0
595.555	1.8	0
610.128	1.9	0
624.625	1.9	0
639.044	2	0
653.392	2	0
667.668	2.1	0
681.873	2.1	0
696.003	2.1	0
710.063	2.2	0
724.054	2.2	0
737.977	2.3	0
751.827	2.3	0
765.610	2.4	0
779.327	2.4	0
792.976	2.5	0
806.556	2.5	0
820.072	2.6	0
833.525	2.6	0
846.909	2.7	0
860.230	2.7	0
873.490	2.8	0
886.682	2.8	0
899.814	2.9	0
912.886	2.9	0
925.892	2.9	0
938.839	3	0
951.727	3	0
964.551	3.1	0
977.319	3.1	0
990.026	3.2	0
1002.674	3.2	0
1015.267	3.3	0
1027.799	3.3	0
1040.275	3.4	0
1052.695	3.4	0
1065.057	3.5	0
1077.367	3.5	0
1089.617	3.5	0
1101.815	3.6	0
1113.957	3.6	0
1126.045	3.7	0
1138.081	3.7	0
1150.062	3.8	0
1161.992	3.8	0
1173.867	3.9	0
1185.693	3.9	0
1197.465	4	0
1209.189	4	0
1220.858	4	0
1232.480	4.1	0
1244.049	4.1	0
1255.572	4.2	0
1267.042	4.2	0
1278.467	4.3	0
1289.840	4.3	0
1301.167	4.4	0
1312.445	4.4	0
1323.677	4.4	0
1334.860	4.5	0
1345.997	4.5	0
1357.088	4.6	0
1368.133	4.6	0
1379.133	4.7	0
1390.085	4.7	0
1400.995	4.8	0
1411.858	4.8	0
1422.678	4.8	0
1433.453	4.9	0
1444.184	4.9	0
1454.873	5	0
1465.517	5	0
1476.119	5.1	0
1486.679	5.1	0
1497.195	5.2	0
1507.671	5.2	0
1518.104	5.2	0
1528.496	5.3	0
1538.847	5.3	0
1549.157	5.4	0
1559.426	5.4	0
1569.656	5.5	0
1579.844	5.5	0
1589.994	5.5	0
1600.104	5.6	0
1610.174	5.6	0
1620.206	5.7	0
1630.200	5.7	0
1640.153	5.8	0
1650.070	5.8	0
1659.949	5.8	0
1669.789	5.9	0
1679.592	5.9	0
1689.358	6	0
1699.088	6	0
1708.780	6.1	0
1718.436	6.1	0
1728.056	6.1	0
1737.640	6.2	0
1747.187	6.2	0
1756.699	6.3	0
1766.177	6.3	0
1775.619	6.4	0
1785.025	6.4	0
1794.397	6.4	0
1803.735	6.5	0
1813.039	6.5	0
1822.308	6.6	0
1831.544	6.6	0
1840.746	6.7	0
1849.915	6.7	0
1859.051	6.7	0
1868.153	6.8	0
1877.222	6.8	0
1886.260	6.9	0
1895.265	6.9	0
1904.237	7	0
1913.177	7	0
1922.086	7	0
1930.963	7.1	0
1939.808	7.1	0
1948.623	7.2	0
1957.406	7.2	0
1966.158	7.2	0
1974.879	7.3	0
1983.570	7.3	0
1992.231	7.4	0
2000.861	7.4	0
2009.462	7.4	0
2018.033	7.5	0
2026.573	7.5	0
2035.085	7.6	0
2043.566	7.6	0
2052.019	7.7	0
2060.443	7.7	0
2068.838	7.7	0
2077.204	7.8	0
2085.542	7.8	0
2093.852	7.9	0
2102.133	7.9	0
2110.387	7.9	0
2118.612	8	0
2126.809	8	0
2134.979	8.1	0
2143.121	8.1	0
2151.236	8.1	0
2159.325	8.2	0
2167.386	8.2	0
2175.420	8.3	0
2183.427	8.3	0
2191.408	8.3	0
2199.363	8.4	0
2207.291	8.4	0
2215.193	8.5	0
2223.069	8.5	0
2230.920	8.5	0
2238.744	8.6	0
2246.543	8.6	0
2254.317	8.7	0
2262.065	8.7	0
2269.788	8.7	0
2277.486	8.8	0
2285.158	8.8	0
2292.807	8.9	0
2300.430	8.9	0
2308.029	8.9	0
2315.603	9	0
2323.153	9	0
2330.679	9.1	0
2338.181	9.1	0
2345.659	9.1	0
2353.113	9.2	0
2360.543	9.2	0
2367.950	9.3	0
2375.334	9.3	0
2382.694	9.3	0
2390.030	9.4	0
2397.344	9.4	0
2404.635	9.5	0
2411.903	9.5	0
2419.147	9.5	0
2426.370	9.6	0
2433.569	9.6	0
2440.746	9.7	0
2447.901	9.7	0
2455.033	9.7	0
2462.144	9.8	0
2469.232	9.8	0
2476.299	9.9	0
2483.344	9.9	0
2490.367	9.9	0
2497.368	10	0
2504.347	10	0
2511.306	10	0
2518.243	10.1	0
2525.158	10.1	0
2532.053	10.2	0
2538.927	10.2	0
2545.780	10.2	0
2552.611	10.3	0
2559.422	10.3	0
2566.213	10.4	0
2572.983	10.4	0
2579.732	10.4	0
2586.462	10.5	0
2593.170	10.5	0
2599.859	10.5	0
2606.527	10.6	0
2613.176	10.6	0
2619.804	10.7	0
2626.413	10.7	0
2633.002	10.7	0
2639.571	10.8	0
2646.121	10.8	0
2652.651	10.9	0
2659.163	10.9	0
2665.654	10.9	0
2672.126	11	0
2678.579	11	0
2685.014	11	0
2691.429	11.1	0
2697.825	11.1	0
2704.202	11.2	0
2710.561	11.2	0
2716.901	11.2	0
2723.222	11.3	0
2729.525	11.3	0
2735.809	11.3	0
2742.076	11.4	0
2748.324	11.4	0
2754.553	11.5	0
2760.764	11.5	0
2766.958	11.5	0
2773.133	11.6	0
2779.291	11.6	0
2785.431	11.6	0
2791.553	11.7	0
2797.657	11.7	0
2803.743	11.8	0
2809.813	11.8	0
2815.864	11.8	0
2821.898	11.9	0
2827.915	11.9	0
2833.915	11.9	0
2839.897	12	0
2845.862	12	0
2851.811	12.1	0
2857.742	12.1	0
2863.656	12.1	0
2869.554	12.2	0
2875.435	12.2	0
2881.298	12.2	0
2887.145	12.3	0
2892.976	12.3	0
2898.790	12.3	0
2904.588	12.4	0
2910.369	12.4	0
2916.134	12.5	0
2921.883	12.5	0
2927.615	12.5	0
2933.331	12.6	0
2939.031	12.6	0
2944.716	12.6	0
2950.383	12.7	0
2956.036	12.7	0
2961.672	12.7	0
2967.292	12.8	0
2972.897	12.8	0
2978.486	12.9	0
2984.060	12.9	0
2989.618	12.9	0
2995.160	13	0
3000.687	13	0
3006.198	13	0
3011.694	13.1	0
3017.175	13.1	0
3022.641	13.1	0
3028.091	13.2	0
3033.527	13.2	0
3038.947	13.3	0
3044.352	13.3	0
3049.742	13.3	0
3055.117	13.4	0
3060.478	13.4	0
3065.824	13.4	0
3071.155	13.5	0
3076.471	13.5	0
3081.772	13.5	0
3087.059	13.6	0
3092.331	13.6	0
3097.590	13.7	0
3102.833	13.7	0
3108.062	13.7	0
3113.277	13.8	0
3118.477	13.8	0
3123.663	13.8	0
3128.835	13.9	0
3133.993	13.9	0
3139.136	13.9	0
3144.266	14	0
3149.381	14	0
3154.483	14	0
3159.571	14.1	0
3164.644	14.1	0
3169.704	14.1	0
3174.750	14.2	0
3179.783	14.2	0
3184.801	14.3	0
3189.807	14.3	0
3194.798	14.3	0
3199.776	14.4	0
3204.740	14.4	0
3209.691	14.4	0
3214.628	14.5	0
3219.552	14.5	0
3224.463	14.5	0
3229.361	14.6	0
3234.244	14.6	0
3239.116	14.6	0
3243.973	14.7	0
3248.818	14.7	0
3253.649	14.7	0
3258.468	14.8	0
3263.273	14.8	0
3268.066	14.9	0
3272.845	14.9	0
3277.612	14.9	0
3282.365	15	0
3287.106	15	0
3291.834	15	0
3296.550	15.1	0
3301.252	15.1	0
3305.942	15.1	0
3310.620	15.2	0
3315.284	15.2	0
3319.937	15.2	0
3324.576	15.3	0
3329.204	15.3	0
3333.819	15.3	0
3338.421	15.4	0
3343.011	15.4	0
3347.589	15.4	0
3352.154	15.5	0
3356.708	15.5	0
3361.249	15.5	0
3365.777	15.6	0
3370.294	15.6	0
3374.799	15.6	0
3379.291	15.7	0
3383.771	15.7	0
3388.240	15.7	0
3392.696	15.8	0
3397.141	15.8	0
3401.573	15.8	0
3405.994	15.9	0
3410.403	15.9	0
3414.800	16	0
3419.185	16	0
3423.559	16	0
3427.921	16.1	0
3432.271	16.1	0
3436.609	16.1	0
3440.936	16.2	0
3445.252	16.2	0
3449.555	16.2	0
3453.848	16.3	0
3458.129	16.3	0
3462.398	16.3	0
3466.656	16.4	0
3470.902	16.4	0
3475.137	16.4	0
3479.361	16.5	0
3483.574	16.5	0
3487.775	16.5	0
3491.965	16.6	0
3496.144	16.6	0
3500.311	16.6	0
3504.468	16.7	0
3508.613	16.7	0
3512.747	16.7	0
3516.871	16.8	0
3520.982	16.8	0
3525.084	16.8	0
3529.174	16.9	0
3533.253	16.9	0
3537.321	16.9	0
3541.379	17	0
3545.425	17	0
3549.461	17	0
3553.486	17.1	0
3557.500	17.1	0
3561.503	17.1	0
3565.496	17.2	0
3569.477	17.2	0
3573.448	17.2	0
3577.409	17.3	0
3581.359	17.3	0
3585.298	17.3	0
3589.227	17.4	0
3593.145	17.4	0
3597.053	17.4	0
3600.950	17.5	0
3604.837	17.5	0
3608.713	17.5	0
3612.579	17.6	0
3616.434	17.6	0
3620.279	17.6	0
3624.114	17.7	0
3627.938	17.7	0
3631.753	17.7	0
3635.556	17.8	0
3639.350	17.8	0
3643.133	17.8	0
3646.906	17.9	0
3650.669	17.9	0
3654.422	17.9	0
3658.165	18	0
3661.897	18	0
3665.620	18	0
3669.332	18.1	0
3673.035	18.1	0
3676.727	18.1	0
3680.410	18.2	0
3684.082	18.2	0
3687.745	18.2	0
3691.397	18.3	0
3695.040	18.3	0
3698.672	18.3	0
3702.296	18.3	0
3705.909	18.4	0
3709.512	18.4	0
3713.105	18.4	0
3716.689	18.5	0
3720.263	18.5	0
3723.827	18.5	0
3727.382	18.6	0
3730.927	18.6	0
3734.462	18.6	0
3737.987	18.7	0
3741.503	18.7	0
3745.010	18.7	0
3748.506	18.8	0
3751.994	18.8	0
3755.471	18.8	0
3758.939	18.9	0
3762.398	18.9	0
3765.847	18.9	0
3769.287	19	0
3772.717	19	0
3776.138	19	0
3779.549	19.1	0
3782.951	19.1	0
3786.344	19.1	0
3789.727	19.2	0
3793.101	19.2	0
3796.466	19.2	0
3799.821	19.2	0
3803.167	19.3	0
3806.504	19.3	0
3809.832	19.3	0
3813.150	19.4	0
3816.460	19.4	0
3819.760	19.4	0
3823.051	19.5	0
3826.332	19.5	0
3829.605	19.5	0
3832.869	19.6	0
3836.123	19.6	0
3839.368	19.6	0
3842.605	19.7	0
3845.832	19.7	0
3849.050	19.7	0
3852.260	19.8	0
3855.460	19.8	0
3858.651	19.8	0
3861.834	19.8	0
3865.007	19.9	0
3868.172	19.9	0
3871.328	19.9	0
3874.474	20	0
3877.612	20	0
3880.741	20	0
3883.862	20.1	0
3886.973	20.1	0
3890.076	20.1	0
3893.170	20.2	0
3896.255	20.2	0
3899.331	20.2	0
3902.399	20.3	0
3905.458	20.3	0
3908.508	20.3	0
3911.549	20.3	0
3914.582	20.4	0
3917.607	20.4	0
3920.622	20.4	0
3923.629	20.5	0
3926.627	20.5	0
3929.617	20.5	0
3932.598	20.6	0
3935.571	20.6	0
3938.535	20.6	0
3941.491	20.7	0
3944.438	20.7	0
3947.376	20.7	0
3950.306	20.7	0
3953.228	20.8	0
3956.141	20.8	0
3959.046	20.8	0
3961.942	20.9	0
3964.830	20.9	0
3967.709	20.9	0
3970.580	21	0
3973.443	21	0
3976.297	21	0
3979.143	21.1	0
3981.981	21.1	0
3984.810	21.1	0
3987.631	21.1	0
3990.444	21.2	0
3993.248	21.2	0
3996.044	21.2	0
3998.832	21.3	0
4001.612	21.3	0
4004.383	21.3	0
4007.146	21.4	0
4009.902	21.4	0
4012.648	21.4	0
4015.387	21.5	0
4018.118	21.5	0
4020.840	21.5	0
4023.554	21.5	0
4026.261	21.6	0
4028.959	21.6	0
4031.649	21.6	0
4034.330	21.7	0
4037.004	21.7	0
4039.670	21.7	0
4042.328	21.8	0
4044.977	21.8	0
4047.619	21.8	0
4050.253	21.8	0
4052.878	21.9	0
4055.496	21.9	0
4058.106	21.9	0
4060.708	22	0
4063.301	22	0
4065.887	22	0
4068.465	22.1	0
4071.035	22.1	0
4073.597	22.1	0
4076.152	22.1	0
4078.698	22.2	0
4081.237	22.2	0
4083.767	22.2	0
4086.290	22.3	0
4088.805	22.3	0
4091.312	22.3	0
4093.812	22.4	0
4096.303	22.4	0
4098.787	22.4	0
4101.263	22.4	0
4103.731	22.5	0
4106.192	22.5	0
4108.644	22.5	0
4111.089	22.6	0
4113.527	22.6	0
4115.956	22.6	0
4118.378	22.7	0
4120.792	22.7	0
4123.199	22.7	0
4125.598	22.7	0
4127.989	22.8	0
4130.372	22.8	0
4132.748	22.8	0
4135.117	22.9	0
4137.477	22.9	0
4139.830	22.9	0
4142.176	23	0
4144.514	23	0
4146.844	23	0
4149.167	23	0
4151.482	23.1	0
4153.790	23.1	0
4156.090	23.1	0
4158.382	23.2	0
4160.667	23.2	0
4162.945	23.2	0
4165.215	23.2	0
4167.478	23.3	0
4169.733	23.3	0
4171.980	23.3	0
4174.220	23.4	0
4176.453	23.4	0
4178.678	23.4	0
4180.896	23.5	0
4183.107	23.5	0
4185.310	23.5	0
4187.505	23.5	0
4189.694	23.6	0
4191.874	23.6	0
4194.048	23.6	0
4196.214	23.7	0
4198.373	23.7	0
4200.524	23.7	0
4202.668	23.7	0
4204.805	23.8	0
4206.934	23.8	0
4209.056	23.8	0
4211.171	23.9	0
4213.279	23.9	0
4215.379	23.9	0
4217.472	23.9	0
4219.557	24	0
4221.636	24	0
4223.707	24	0
4225.771	24.1	0
4227.827	24.1	0
4229.877	24.1	0
4231.919	24.1	0
4233.954	24.2	0
4235.981	24.2	0
4238.002	24.2	0
4240.015	24.3	0
4242.022	24.3	0
4244.021	24.3	0
4246.012	24.4	0
4247.997	24.4	0
4249.975	24.4	0
4251.945	24.4	0
4253.908	24.5	0
4255.864	24.5	0
4257.813	24.5	0
4259.755	24.6	0
4261.690	24.6	0
4263.618	24.6	0
4265.539	24.6	0
4267.452	24.7	0
4269.359	24.7	0
4271.258	24.7	0
4273.150	24.8	0
4275.036	24.8	0
4276.914	24.8	0
4278.785	24.8	0
4280.649	24.9	0
4282.506	24.9	0
4284.357	24.9	0
4286.200	25	0
4288.036	25	0
4289.865	25	0
4291.687	25	0
4293.502	25.1	0
4295.311	25.1	0
4297.112	25.1	0
4298.906	25.1	0
4300.694	25.2	0
4302.474	25.2	0
4304.247	25.2	0
4306.014	25.3	0
4307.774	25.3	0
4309.526	25.3	0
4311.272	25.3	0
4313.011	25.4	0
4314.743	25.4	0
4316.468	25.4	0
4318.186	25.5	0
4319.898	25.5	0
4321.602	25.5	0
4323.300	25.5	0
4324.990	25.6	0
4326.674	25.6	0
4328.351	25.6	0
4330.022	25.7	0
4331.685	25.7	0
4333.342	25.7	0
4334.991	25.7	0
4336.634	25.8	0
4338.270	25.8	0
4339.899	25.8	0
4341.522	25.9	0
4343.138	25.9	0
4344.747	25.9	0
4346.349	25.9	0
4347.944	26	0
4349.533	26	0
4351.115	26	0
4352.690	26	0
4354.258	26.1	0
4355.820	26.1	0
4357.375	26.1	0
4358.923	26.2	0
4360.464	26.2	0
4361.999	26.2	0
4363.527	26.2	0
4365.048	26.3	0
4366.563	26.3	0
4368.071	26.3	0
4369.572	26.3	0
4371.066	26.4	0
4372.554	26.4	0
4374.035	26.4	0
4375.510	26.5	0
4376.977	26.5	0
4378.439	26.5	0
4379.893	26.5	0
4381.341	26.6	0
4382.782	26.6	0
4384.217	26.6	0
4385.645	26.7	0
4387.066	26.7	0
4388.481	26.7	0
4389.889	26.7	0
4391.290	26.8	0
4392.685	26.8	0
4394.073	26.8	0
4395.455	26.8	0
4396.830	26.9	0
4398.199	26.9	0
4399.560	26.9	0
4400.916	27	0
4402.265	27	0
4403.607	27	0
4404.942	27	0
4406.271	27.1	0
4407.594	27.1	0
4408.910	27.1	0
4410.219	27.1	0
4411.522	27.2	0
4412.819	27.2	0
4414.108	27.2	0
4415.392	27.3	0
4416.669	27.3	0
4417.939	27.3	0
4419.203	27.3	0
4420.460	27.4	0
4421.711	27.4	0
4422.955	27.4	0
4424.193	27.4	0
4425.424	27.5	0
4426.649	27.5	0
4427.867	27.5	0
4429.079	27.5	0
4430.284	27.6	0
4431.483	27.6	0
4432.676	27.6	0
4433.862	27.7	0
4435.041	27.7	0
4436.215	27.7	0
4437.381	27.7	0
4438.541	27.8	0
4439.695	27.8	0
4440.843	27.8	0
4441.983	27.8	0
4443.118	27.9	0
4444.246	27.9	0
4445.368	27.9	0
4446.483	28	0
4447.592	28	0
4448.694	28	0
4449.791	28	0
4450.880	28.1	0
4451.964	28.1	0
4453.040	28.1	0
4454.111	28.1	0
4455.175	28.2	0
4456.233	28.2	0
4457.284	28.2	0
4458.329	28.2	0
4459.368	28.3	0
4460.400	28.3	0
4461.426	28.3	0
4462.446	28.4	0
4463.459	28.4	0
4464.466	28.4	0
4465.467	28.4	0
4466.461	28.5	0
4467.449	28.5	0
4468.431	28.5	0
4469.406	28.5	0
4470.375	28.6	0
4471.337	28.6	0
4472.294	28.6	0
4473.244	28.6	0
4474.187	28.7	0
4475.125	28.7	0
4476.056	28.7	0
4476.981	28.7	0
4477.899	28.8	0
4478.812	28.8	0
4479.717	28.8	0
4480.617	28.9	0
4481.510	28.9	0
4482.398	28.9	0
4483.278	28.9	0
4484.153	29	0
4485.021	29	0
4485.883	29	0
4486.739	29	0
4487.589	29.1	0
4488.432	29.1	0
4489.269	29.1	0
4490.100	29.1	0
4490.924	29.2	0
4491.742	29.2	0
4492.554	29.2	0
4493.360	29.2	0
4494.160	29.3	0
4494.953	29.3	0
4495.740	29.3	0
4496.521	29.3	0
4497.296	29.4	0
4498.064	29.4	0
4498.827	29.4	0
4499.583	29.4	0
