0.000	0	0
8.370	0	0
19.521	0.1	0
30.643	0.1	0
41.737	0.2	0
52.803	0.2	0
63.842	0.2	0
74.853	0.3	0
85.838	0.3	0
96.795	0.4	0
107.726	0.4	0
118.629	0.4	0
129.506	0.5	0
140.356	0.5	0
151.180	0.6	0
161.978	0.6	0
172.749	0.6	0
183.494	0.7	0
194.212	0.7	0
204.905	0.8	0
215.572	0.8	0
226.214	0.8	0
236.829	0.9	0
247.419	0.9	0
257.984	1	0
268.523	1	0
279.037	1	0
289.525	1.1	0
299.985	1.1	0
310.421	1.1	0
320.831	1.2	0
331.217	1.2	0
341.579	1.3	0
351.916	1.3	0
362.228	1.3	0
372.516	1.4	0
382.780	1.4	0
393.020	1.5	0
403.236	1.5	0
413.427	1.5	0
423.592	1.6	0
433.732	1.6	0
443.850	1.7	0
453.943	1.7	0
464.014	1.7	0
474.061	1.8	0
484.084	1.8	0
494.085	1.9	0
504.062	1.9	0
514.013	1.9	0
523.941	2	0
533.846	2	0
543.729	2	0
553.588	2.1	0
563.426	2.1	0
573.241	2.2	0
583.032	2.2	0
592.799	2.2	0
602.543	2.3	0
612.266	2.3	0
621.966	2.3	0
631.645	2.4	0
641.301	2.4	0
650.934	2.5	0
660.544	2.5	0
670.132	2.5	0
679.699	2.6	0
689.244	2.6	0
698.768	2.7	0
708.269	2.7	0
717.747	2.7	0
727.204	2.8	0
736.640	2.8	0
746.054	2.8	0
755.448	2.9	0
764.819	2.9	0
774.168	3	0
783.497	3	0
792.804	3	0
802.092	3.1	0
811.357	3.1	0
820.600	3.1	0
829.823	3.2	0
839.026	3.2	0
848.209	3.3	0
857.370	3.3	0
866.509	3.3	0
875.629	3.4	0
884.728	3.4	0
893.808	3.5	0
902.866	3.5	0
911.903	3.5	0
920.921	3.6	0
929.919	3.6	0
938.897	3.6	0
947.854	3.7	0
956.791	3.7	0
965.708	3.8	0
974.607	3.8	0
983.484	3.8	0
992.341	3.9	0
1001.180	3.9	0
1009.999	3.9	0
1018.798	4	0
1027.577	4	0
1036.337	4.1	0
1045.079	4.1	0
1053.800	4.1	0
1062.501	4.2	0
1071.184	4.2	0
1079.849	4.2	0
1088.493	4.3	0
1097.118	4.3	0
1105.725	4.4	0
1114.314	4.4	0
1122.882	4.4	0
1131.432	4.5	0
1139.963	4.5	0
1148.476	4.5	0
1156.970	4.6	0
1165.445	4.6	0
1173.903	4.7	0
1182.341	4.7	0
1190.760	4.7	0
1199.163	4.8	0
1207.546	4.8	0
1215.911	4.8	0
1224.258	4.9	0
1232.587	4.9	0
1240.897	4.9	0
1249.190	5	0
1257.465	5	0
1265.722	5.1	0
1273.960	5.1	0
1282.182	5.1	0
1290.385	5.2	0
1298.570	5.2	0
1306.739	5.2	0
1314.889	5.3	0
1323.021	5.3	0
1331.137	5.4	0
1339.235	5.4	0
1347.315	5.4	0
1355.378	5.5	0
1363.424	5.5	0
1371.452	5.5	0
1379.463	5.6	0
1387.457	5.6	0
1395.434	5.6	0
1403.394	5.7	0
1411.337	5.7	0
1419.262	5.8	0
1427.172	5.8	0
1435.064	5.8	0
1442.938	5.9	0
1450.798	5.9	0
1458.639	5.9	0
1466.464	6	0
1474.273	6	0
1482.064	6	0
1489.839	6.1	0
1497.598	6.1	0
1505.340	6.2	0
1513.066	6.2	0
1520.775	6.2	0
1528.468	6.3	0
1536.146	6.3	0
1543.806	6.3	0
1551.450	6.4	0
1559.079	6.4	0
1566.690	6.4	0
1574.287	6.5	0
1581.866	6.5	0
1589.431	6.6	0
1596.979	6.6	0
1604.511	6.6	0
1612.028	6.7	0
1619.528	6.7	0
1627.013	6.7	0
1634.482	6.8	0
1641.935	6.8	0
1649.374	6.8	0
1656.795	6.9	0
1664.202	6.9	0
1671.593	6.9	0
1678.968	7	0
1686.329	7	0
1693.673	7.1	0
1701.003	7.1	0
1708.317	7.1	0
1715.616	7.2	0
1722.899	7.2	0
1730.167	7.2	0
1737.421	7.3	0
1744.659	7.3	0
1751.882	7.3	0
1759.090	7.4	0
1766.283	7.4	0
1773.460	7.4	0
1780.624	7.5	0
1787.772	7.5	0
1794.905	7.6	0
1802.024	7.6	0
1809.127	7.6	0
1816.216	7.7	0
1823.290	7.7	0
1830.350	7.7	0
1837.395	7.8	0
1844.425	7.8	0
1851.441	7.8	0
1858.442	7.9	0
1865.429	7.9	0
1872.401	7.9	0
1879.359	8	0
1886.302	8	0
1893.231	8	0
1900.146	8.1	0
1907.047	8.1	0
1913.933	8.2	0
1920.805	8.2	0
1927.663	8.2	0
1934.507	8.3	0
1941.336	8.3	0
1948.152	8.3	0
1954.953	8.4	0
1961.741	8.4	0
1968.514	8.4	0
1975.274	8.5	0
1982.020	8.5	0
1988.752	8.5	0
1995.469	8.6	0
2002.174	8.6	0
2008.864	8.6	0
2015.541	8.7	0
2022.203	8.7	0
2028.853	8.7	0
2035.488	8.8	0
2042.110	8.8	0
2048.719	8.9	0
2055.313	8.9	0
2061.895	8.9	0
2068.462	9	0
2075.017	9	0
2081.558	9	0
2088.086	9.1	0
2094.599	9.1	0
2101.100	9.1	0
2107.588	9.2	0
2114.062	9.2	0
2120.523	9.2	0
2126.971	9.3	0
2133.405	9.3	0
2139.827	9.3	0
2146.235	9.4	0
2152.630	9.4	0
2159.012	9.4	0
2165.381	9.5	0
2171.737	9.5	0
2178.080	9.5	0
2184.410	9.6	0
2190.728	9.6	0
2197.032	9.6	0
2203.324	9.7	0
2209.602	9.7	0
2215.868	9.7	0
2222.121	9.8	0
2228.361	9.8	0
2234.589	9.9	0
2240.803	9.9	0
2247.005	9.9	0
2253.195	10	0
2259.371	10	0
2265.536	10	0
2271.687	10.1	0
2277.827	10.1	0
2283.953	10.1	0
2290.067	10.2	0
2296.169	10.2	0
2302.258	10.2	0
2308.335	10.3	0
2314.399	10.3	0
2320.451	10.3	0
2326.491	10.4	0
2332.518	10.4	0
2338.534	10.4	0
2344.537	10.5	0
2350.527	10.5	0
2356.506	10.5	0
2362.472	10.6	0
2368.426	10.6	0
2374.368	10.6	0
2380.298	10.7	0
2386.216	10.7	0
2392.122	10.7	0
2398.015	10.8	0
2403.898	10.8	0
2409.767	10.8	0
2415.625	10.9	0
2421.471	10.9	0
2427.305	10.9	0
2433.127	11	0
2438.937	11	0
2444.735	11	0
2450.522	11.1	0
2456.297	11.1	0
2462.060	11.1	0
2467.811	11.2	0
2473.551	11.2	0
2479.278	11.2	0
2484.995	11.3	0
2490.699	11.3	0
2496.392	11.3	0
2502.074	11.4	0
2507.743	11.4	0
2513.401	11.4	0
2519.048	11.5	0
2524.683	11.5	0
2530.306	11.5	0
2535.919	11.6	0
2541.519	11.6	0
2547.109	11.6	0
2552.687	11.7	0
2558.253	11.7	0
2563.808	11.7	0
2569.352	11.8	0
2574.884	11.8	0
2580.405	11.8	0
2585.915	11.9	0
2591.414	11.9	0
2596.901	11.9	0
2602.377	12	0
2607.843	12	0
2613.296	12	0
2618.739	12.1	0
2624.171	12.1	0
2629.591	12.1	0
2635.000	12.2	0
2640.398	12.2	0
2645.786	12.2	0
2651.162	12.3	0
2656.527	12.3	0
2661.881	12.3	0
2667.224	12.4	0
2672.556	12.4	0
2677.878	12.4	0
2683.188	12.5	0
2688.488	12.5	0
2693.776	12.5	0
2699.054	12.6	0
2704.321	12.6	0
2709.577	12.6	0
2714.823	12.7	0
2720.057	12.7	0
2725.281	12.7	0
2730.494	12.8	0
2735.696	12.8	0
2740.888	12.8	0
2746.069	12.9	0
2751.239	12.9	0
2756.399	12.9	0
2761.548	12.9	0
2766.687	13	0
2771.814	13	0
2776.932	13	0
2782.039	13.1	0
2787.135	13.1	0
2792.220	13.1	0
2797.296	13.2	0
2802.361	13.2	0
2807.415	13.2	0
2812.458	13.3	0
2817.492	13.3	0
2822.515	13.3	0
2827.528	13.4	0
2832.530	13.4	0
2837.521	13.4	0
2842.503	13.5	0
2847.474	13.5	0
2852.435	13.5	0
2857.386	13.6	0
2862.326	13.6	0
2867.256	13.6	0
2872.176	13.7	0
2877.085	13.7	0
2881.985	13.7	0
2886.874	13.8	0
2891.753	13.8	0
2896.622	13.8	0
2901.481	13.9	0
2906.329	13.9	0
2911.168	13.9	0
2915.996	13.9	0
2920.815	14	0
2925.623	14	0
2930.421	14	0
2935.209	14.1	0
2939.988	14.1	0
2944.756	14.1	0
2949.514	14.2	0
2954.262	14.2	0
2959.001	14.2	0
2963.729	14.3	0
2968.448	14.3	0
2973.156	14.3	0
2977.855	14.4	0
2982.544	14.4	0
2987.223	14.4	0
2991.892	14.5	0
2996.551	14.5	0
3001.201	14.5	0
3005.840	14.6	0
3010.470	14.6	0
3015.090	14.6	0
3019.701	14.6	0
3024.302	14.7	0
3028.893	14.7	0
3033.474	14.7	0
3038.045	14.8	0
3042.607	14.8	0
3047.159	14.8	0
3051.702	14.9	0
3056.235	14.9	0
3060.758	14.9	0
3065.272	15	0
3069.776	15	0
3074.271	15	0
3078.756	15.1	0
3083.231	15.1	0
3087.697	15.1	0
3092.153	15.2	0
3096.600	15.2	0
3101.037	15.2	0
3105.465	15.2	0
3109.884	15.3	0
3114.293	15.3	0
3118.692	15.3	0
3123.083	15.4	0
3127.463	15.4	0
3131.834	15.4	0
3136.196	15.5	0
3140.549	15.5	0
3144.892	15.5	0
3149.226	15.6	0
3153.550	15.6	0
3157.865	15.6	0
3162.171	15.7	0
3166.468	15.7	0
3170.755	15.7	0
3175.033	15.7	0
3179.302	15.8	0
3183.561	15.8	0
3187.811	15.8	0
3192.053	15.9	0
3196.284	15.9	0
3200.507	15.9	0
3204.721	16	0
3208.925	16	0
3213.120	16	0
3217.306	16.1	0
3221.483	16.1	0
3225.650	16.1	0
3229.809	16.1	0
3233.959	16.2	0
3238.099	16.2	0
3242.231	16.2	0
3246.353	16.3	0
3250.466	16.3	0
3254.571	16.3	0
3258.666	16.4	0
3262.752	16.4	0
3266.829	16.4	0
3270.897	16.5	0
3274.956	16.5	0
3279.007	16.5	0
3283.048	16.5	0
3287.080	16.6	0
3291.104	16.6	0
3295.118	16.6	0
3299.124	16.7	0
3303.121	16.7	0
3307.109	16.7	0
3311.088	16.8	0
3315.058	16.8	0
3319.019	16.8	0
3322.971	16.8	0
3326.915	16.9	0
3330.850	16.9	0
3334.775	16.9	0
3338.693	17	0
3342.601	17	0
3346.500	17	0
3350.391	17.1	0
3354.273	17.1	0
3358.147	17.1	0
3362.011	17.2	0
3365.867	17.2	0
3369.714	17.2	0
3373.552	17.2	0
3377.382	17.3	0
3381.203	17.3	0
3385.016	17.3	0
3388.819	17.4	0
3392.614	17.4	0
3396.401	17.4	0
3400.179	17.5	0
3403.948	17.5	0
3407.708	17.5	0
3411.460	17.5	0
3415.204	17.6	0
3418.938	17.6	0
3422.665	17.6	0
3426.382	17.7	0
3430.091	17.7	0
3433.792	17.7	0
3437.484	17.8	0
3441.168	17.8	0
3444.843	17.8	0
3448.509	17.8	0
3452.167	17.9	0
3455.817	17.9	0
3459.458	17.9	0
3463.090	18	0
3466.714	18	0
3470.330	18	0
3473.937	18.1	0
3477.536	18.1	0
3481.127	18.1	0
3484.709	18.2	0
3488.282	18.2	0
3491.847	18.2	0
3495.404	18.2	0
3498.953	18.3	0
3502.493	18.3	0
3506.025	18.3	0
3509.548	18.4	0
3513.063	18.4	0
3516.570	18.4	0
3520.068	18.5	0
3523.559	18.5	0
3527.041	18.5	0
3530.514	18.5	0
3533.979	18.6	0
3537.436	18.6	0
3540.885	18.6	0
3544.325	18.7	0
3547.758	18.7	0
3551.182	18.7	0
3554.597	18.7	0
3558.005	18.8	0
3561.404	18.8	0
3564.795	18.8	0
3568.178	18.9	0
3571.553	18.9	0
3574.919	18.9	0
3578.278	19	0
3581.628	19	0
3584.970	19	0
3588.304	19	0
3591.630	19.1	0
3594.948	19.1	0
3598.257	19.1	0
3601.558	19.2	0
3604.852	19.2	0
3608.137	19.2	0
3611.414	19.2	0
3614.683	19.3	0
3617.944	19.3	0
3621.197	19.3	0
3624.442	19.4	0
3627.679	19.4	0
3630.908	19.4	0
3634.128	19.4	0
3637.341	19.5	0
3640.546	19.5	0
3643.742	19.5	0
3646.931	19.6	0
3650.112	19.6	0
3653.284	19.6	0
3656.449	19.7	0
3659.606	19.7	0
3662.755	19.7	0
3665.895	19.7	0
3669.028	19.8	0
3672.153	19.8	0
3675.270	19.8	0
3678.379	19.9	0
3681.480	19.9	0
3684.573	19.9	0
3687.659	19.9	0
3690.736	20	0
3693.806	20	0
3696.867	20	0
3699.921	20.1	0
3702.967	20.1	0
3706.005	20.1	0
3709.035	20.1	0
3712.057	20.2	0
3715.072	20.2	0
3718.079	20.2	0
3721.077	20.3	0
3724.068	20.3	0
3727.051	20.3	0
3730.027	20.3	0
3732.994	20.4	0
3735.954	20.4	0
3738.906	20.4	0
3741.850	20.5	0
3744.787	20.5	0
3747.715	20.5	0
3750.636	20.5	0
3753.549	20.6	0
3756.455	20.6	0
3759.352	20.6	0
3762.242	20.7	0
3765.124	20.7	0
3767.999	20.7	0
3770.865	20.7	0
3773.725	20.8	0
3776.576	20.8	0
3779.419	20.8	0
3782.255	20.9	0
3785.084	20.9	0
3787.904	20.9	0
3790.717	20.9	0
3793.522	21	0
3796.320	21	0
3799.110	21	0
3801.892	21.1	0
3804.667	21.1	0
3807.434	21.1	0
3810.193	21.1	0
3812.945	21.2	0
3815.689	21.2	0
3818.425	21.2	0
3821.154	21.3	0
3823.876	21.3	0
3826.590	21.3	0
3829.296	21.3	0
3831.994	21.4	0
3834.685	21.4	0
3837.369	21.4	0
3840.045	21.4	0
3842.713	21.5	0
3845.374	21.5	0
3848.027	21.5	0
3850.672	21.6	0
3853.311	21.6	0
3855.941	21.6	0
3858.564	21.6	0
3861.180	21.7	0
3863.788	21.7	0
3866.389	21.7	0
3868.982	21.8	0
3871.567	21.8	0
3874.145	21.8	0
3876.716	21.8	0
3879.279	21.9	0
3881.834	21.9	0
3884.383	21.9	0
3886.923	22	0
3889.457	22	0
3891.982	22	0
3894.501	22	0
3897.012	22.1	0
3899.515	22.1	0
3902.011	22.1	0
3904.500	22.1	0
3906.981	22.2	0
3909.455	22.2	0
3911.921	22.2	0
3914.380	22.3	0
3916.832	22.3	0
3919.276	22.3	0
3921.713	22.3	0
3924.142	22.4	0
3926.564	22.4	0
3928.979	22.4	0
3931.386	22.5	0
3933.786	22.5	0
3936.179	22.5	0
3938.564	22.5	0
3940.942	22.6	0
3943.312	22.6	0
3945.676	22.6	0
3948.032	22.6	0
3950.380	22.7	0
3952.721	22.7	0
3955.055	22.7	0
3957.382	22.8	0
3959.701	22.8	0
3962.013	22.8	0
3964.318	22.8	0
3966.615	22.9	0
3968.905	22.9	0
3971.188	22.9	0
3973.463	22.9	0
3975.732	23	0
3977.993	23	0
3980.246	23	0
3982.493	23.1	0
3984.732	23.1	0
3986.964	23.1	0
3989.189	23.1	0
3991.406	23.2	0
3993.616	23.2	0
3995.819	23.2	0
3998.015	23.2	0
4000.203	23.3	0
4002.385	23.3	0
4004.559	23.3	0
4006.726	23.4	0
4008.885	23.4	0
4011.038	23.4	0
4013.183	23.4	0
4015.321	23.5	0
4017.452	23.5	0
4019.575	23.5	0
4021.692	23.5	0
4023.801	23.6	0
4025.903	23.6	0
4027.998	23.6	0
4030.086	23.6	0
4032.167	23.7	0
4034.240	23.7	0
4036.306	23.7	0
4038.366	23.8	0
4040.418	23.8	0
4042.463	23.8	0
4044.500	23.8	0
4046.531	23.9	0
4048.554	23.9	0
4050.571	23.9	0
4052.580	23.9	0
4054.582	24	0
4056.577	24	0
4058.565	24	0
4060.546	24.1	0
4062.519	24.1	0
4064.486	24.1	0
4066.445	24.1	0
4068.398	24.2	0
4070.343	24.2	0
4072.281	24.2	0
4074.212	24.2	0
4076.136	24.3	0
4078.054	24.3	0
4079.963	24.3	0
4081.866	24.3	0
4083.762	24.4	0
4085.651	24.4	0
4087.532	24.4	0
4089.407	24.4	0
4091.275	24.5	0
4093.135	24.5	0
4094.989	24.5	0
4096.835	24.6	0
4098.675	24.6	0
4100.507	24.6	0
4102.332	24.6	0
4104.151	24.7	0
4105.962	24.7	0
4107.767	24.7	0
4109.564	24.7	0
4111.354	24.8	0
4113.138	24.8	0
4114.914	24.8	0
4116.683	24.8	0
4118.446	24.9	0
4120.201	24.9	0
4121.949	24.9	0
4123.691	24.9	0
4125.425	25	0
4127.152	25	0
4128.873	25	0
4130.586	25.1	0
4132.293	25.1	0
4133.992	25.1	0
4135.685	25.1	0
4137.371	25.2	0
4139.049	25.2	0
4140.721	25.2	0
4142.386	25.2	0
4144.044	25.3	0
4145.695	25.3	0
4147.339	25.3	0
4148.976	25.3	0
4150.606	25.4	0
4152.229	25.4	0
4153.845	25.4	0
4155.454	25.4	0
4157.057	25.5	0
4158.652	25.5	0
4160.241	25.5	0
4161.823	25.5	0
4163.397	25.6	0
4164.965	25.6	0
4166.526	25.6	0
4168.080	25.7	0
4169.628	25.7	0
4171.168	25.7	0
4172.701	25.7	0
4174.228	25.8	0
4175.747	25.8	0
4177.260	25.8	0
4178.766	25.8	0
4180.265	25.9	0
4181.757	25.9	0
4183.242	25.9	0
4184.721	25.9	0
4186.192	26	0
4187.657	26	0
4189.115	26	0
4190.566	26	0
4192.010	26.1	0
4193.447	26.1	0
4194.877	26.1	0
4196.301	26.1	0
4197.718	26.2	0
4199.128	26.2	0
4200.531	26.2	0
4201.927	26.2	0
4203.316	26.3	0
4204.699	26.3	0
4206.075	26.3	0
4207.444	26.3	0
4208.806	26.4	0
4210.161	26.4	0
4211.510	26.4	0
4212.851	26.4	0
4214.186	26.5	0
4215.514	26.5	0
4216.835	26.5	0
4218.150	26.5	0
4219.458	26.6	0
4220.758	26.6	0
4222.052	26.6	0
4223.340	26.6	0
4224.620	26.7	0
4225.894	26.7	0
4227.161	26.7	0
4228.421	26.8	0
4229.674	26.8	0
4230.921	26.8	0
4232.161	26.8	0
4233.394	26.9	0
4234.620	26.9	0
4235.840	26.9	0
4237.052	26.9	0
4238.258	27	0
4239.458	27	0
4240.650	27	0
4241.836	27	0
4243.015	27.1	0
4244.187	27.1	0
4245.352	27.1	0
4246.511	27.1	0
4247.663	27.2	0
4248.808	27.2	0
4249.947	27.2	0
4251.079	27.2	0
4252.204	27.3	0
4253.322	27.3	0
4254.434	27.3	0
4255.538	27.3	0
4256.637	27.4	0
4257.728	27.4	0
4258.813	27.4	0
4259.891	27.4	0
4260.962	27.5	0
4262.026	27.5	0
4263.084	27.5	0
4264.135	27.5	0
4265.180	27.6	0
4266.217	27.6	0
4267.248	27.6	0
4268.273	27.6	0
4269.290	27.6	0
4270.301	27.7	0
4271.305	27.7	0
4272.303	27.7	0
4273.294	27.7	0
4274.278	27.8	0
4275.255	27.8	0
4276.226	27.8	0
4277.190	27.8	0
4278.147	27.9	0
4279.098	27.9	0
4280.042	27.9	0
4280.980	27.9	0
4281.910	28	0
4282.834	28	0
4283.752	28	0
4284.662	28	0
4285.566	28.1	0
4286.464	28.1	0
4287.354	28.1	0
4288.238	28.1	0
4289.116	28.2	0
4289.987	28.2	0
4290.851	28.2	0
4291.708	28.2	0
4292.559	28.3	0
4293.403	28.3	0
4294.240	28.3	0
4295.071	28.3	0
4295.895	28.4	0
4296.713	28.4	0
4297.524	28.4	0
4298.328	28.4	0
4299.126	28.5	0
4299.917	28.5	0
4300.701	28.5	0
4301.479	28.5	0
4302.250	28.6	0
4303.014	28.6	0
4303.772	28.6	0
4304.523	28.6	0
4305.268	28.7	0
4306.006	28.7	0
4306.737	28.7	0
4307.462	28.7	0
4308.180	28.7	0
4308.892	28.8	0
4309.597	28.8	0
4310.295	28.8	0
4310.987	28.8	0
4311.672	28.9	0
4312.350	28.9	0
4313.022	28.9	0
4313.687	28.9	0
4314.346	29	0
4314.998	29	0
4315.644	29	0
4316.282	29	0
4316.915	29.1	0
4317.540	29.1	0
4318.159	29.1	0
4318.772	29.1	0
4319.378	29.2	0
4319.977	29.2	0
4320.570	29.2	0
4321.156	29.2	0
4321.736	29.3	0
4322.309	29.3	0
4322.875	29.3	0
4323.435	29.3	0
4323.988	29.3	0
4324.535	29.4	0
4325.075	29.4	0
4325.609	29.4	0
4326.136	29.4	0
4326.656	29.5	0
4327.170	29.5	0
4327.677	29.5	0
4328.178	29.5	0
4328.672	29.6	0
4329.160	29.6	0
4329.641	29.6	0
4330.115	29.6	0
4330.583	29.7	0
4331.044	29.7	0
4331.499	29.7	0
4331.947	29.7	0
4332.389	29.7	0
4332.824	29.8	0
4333.253	29.8	0
4333.675	29.8	0
4334.090	29.8	0
4334.499	29.9	0
4334.902	29.9	0
4335.298	29.9	0
4335.687	29.9	0
4336.070	30	0
4336.446	30	0
4336.816	30	0
4337.179	30	0
4337.535	30.1	0
4337.886	30.1	0
4338.229	30.1	0
4338.566	30.1	0
4338.897	30.1	0
4339.221	30.2	0
4339.538	30.2	0
4339.849	30.2	0
4340.153	30.2	0
4340.451	30.3	0
4340.743	30.3	0
4341.028	30.3	0
4341.306	30.3	0
4341.578	30.4	0
4341.843	30.4	0
4342.102	30.4	0
4342.354	30.4	0
4342.600	30.4	0
4342.839	30.5	0
4343.072	30.5	0
4343.298	30.5	0
4343.517	30.5	0
4343.731	30.6	0
4343.937	30.6	0
4344.137	30.6	0
4344.331	30.6	0
4344.518	30.7	0
4344.699	30.7	0
4344.873	30.7	0
4345.041	30.7	0
4345.202	30.7	0
4345.356	30.8	0
4345.505	30.8	0
4345.646	30.8	0
4345.781	30.8	0
4345.910	30.9	0
4346.032	30.9	0
4346.148	30.9	0
4346.257	30.9	0
4346.360	31	0
4346.456	31	0
4346.546	31	0
4346.629	31	0
4346.706	31	0
4346.776	31.1	0
4346.840	31.1	0
4346.897	31.1	0
4346.948	31.1	0
4346.992	31.2	0
4347.030	31.2	0
4347.061	31.2	0
4347.086	31.2	0
4347.105	31.2	0
4347.117	31.3	0
