0.000	0	0
18.586	0.1	0
41.349	0.1	0
63.962	0.2	0
86.374	0.2	0
108.681	0.3	0
130.899	0.3	0
152.974	0.4	0
174.940	0.5	0
196.813	0.5	0
218.550	0.6	0
240.188	0.6	0
261.728	0.7	0
283.139	0.7	0
304.459	0.8	0
325.667	0.8	0
346.769	0.9	0
367.778	1	0
388.668	1	0
409.469	1.1	0
430.160	1.1	0
450.756	1.2	0
471.252	1.2	0
491.647	1.3	0
511.949	1.3	0
532.148	1.4	0
552.259	1.5	0
572.265	1.5	0
592.188	1.6	0
612.006	1.6	0
631.741	1.7	0
651.375	1.7	0
670.927	1.8	0
690.380	1.8	0
709.750	1.9	0
729.025	2	0
748.217	2	0
767.318	2.1	0
786.334	2.1	0
805.265	2.2	0
824.107	2.2	0
842.870	2.3	0
861.542	2.3	0
880.135	2.4	0
898.644	2.4	0
917.070	2.5	0
935.419	2.5	0
953.681	2.6	0
971.867	2.6	0
989.972	2.7	0
1007.997	2.8	0
1025.947	2.8	0
1043.817	2.9	0
1061.609	2.9	0
1079.328	3	0
1096.968	3	0
1114.533	3.1	0
1132.025	3.1	0
1149.441	3.2	0
1166.783	3.2	0
1184.054	3.3	0
1201.251	3.3	0
1218.375	3.4	0
1235.430	3.4	0
1252.414	3.5	0
1269.325	3.6	0
1286.167	3.6	0
1302.941	3.7	0
1319.646	3.7	0
1336.280	3.8	0
1352.848	3.8	0
1369.349	3.9	0
1385.783	3.9	0
1402.149	4	0
1418.450	4	0
1434.685	4.1	0
1450.857	4.1	0
1466.962	4.2	0
1483.003	4.2	0
1498.981	4.3	0
1514.896	4.3	0
1530.749	4.4	0
1546.538	4.4	0
1562.265	4.5	0
1577.931	4.5	0
1593.535	4.6	0
1609.080	4.6	0
1624.564	4.7	0
1639.989	4.7	0
1655.353	4.8	0
1670.658	4.9	0
1685.905	4.9	0
1701.093	5	0
1716.224	5	0
1731.297	5.1	0
1746.313	5.1	0
1761.273	5.2	0
1776.176	5.2	0
1791.023	5.3	0
1805.813	5.3	0
1820.549	5.4	0
1835.230	5.4	0
1849.856	5.5	0
1864.428	5.5	0
1878.946	5.6	0
1893.411	5.6	0
1907.823	5.7	0
1922.182	5.7	0
1936.488	5.8	0
1950.742	5.8	0
1964.944	5.9	0
1979.095	5.9	0
1993.194	6	0
2007.243	6	0
2021.241	6.1	0
2035.188	6.1	0
2049.086	6.2	0
2062.934	6.2	0
2076.733	6.3	0
2090.482	6.3	0
2104.183	6.4	0
2117.835	6.4	0
2131.440	6.5	0
2144.996	6.5	0
2158.505	6.6	0
2171.966	6.6	0
2185.381	6.7	0
2198.749	6.7	0
2212.070	6.8	0
2225.345	6.8	0
2238.575	6.9	0
2251.759	6.9	0
2264.897	7	0
2277.989	7	0
2291.037	7.1	0
2304.041	7.1	0
2317.000	7.2	0
2329.915	7.2	0
2342.787	7.3	0
2355.615	7.3	0
2368.400	7.4	0
2381.141	7.4	0
2393.839	7.4	0
2406.495	7.5	0
2419.108	7.5	0
2431.680	7.6	0
2444.210	7.6	0
2456.698	7.7	0
2469.144	7.7	0
2481.549	7.8	0
2493.913	7.8	0
2506.237	7.9	0
2518.521	7.9	0
2530.764	8	0
2542.966	8	0
2555.129	8.1	0
2567.252	8.1	0
2579.336	8.2	0
2591.381	8.2	0
2603.386	8.3	0
2615.353	8.3	0
2627.281	8.4	0
2639.171	8.4	0
2651.023	8.5	0
2662.836	8.5	0
2674.612	8.6	0
2686.351	8.6	0
2698.051	8.6	0
2709.715	8.7	0
2721.342	8.7	0
2732.932	8.8	0
2744.485	8.8	0
2756.002	8.9	0
2767.483	8.9	0
2778.928	9	0
2790.336	9	0
2801.709	9.1	0
2813.047	9.1	0
2824.349	9.2	0
2835.616	9.2	0
2846.849	9.3	0
2858.046	9.3	0
2869.209	9.4	0
2880.337	9.4	0
2891.431	9.4	0
2902.491	9.5	0
2913.517	9.5	0
2924.510	9.6	0
2935.468	9.6	0
2946.393	9.7	0
2957.285	9.7	0
2968.144	9.8	0
2978.970	9.8	0
2989.763	9.9	0
3000.523	9.9	0
3011.252	10	0
3021.947	10	0
3032.610	10.1	0
3043.242	10.1	0
3053.841	10.1	0
3064.410	10.2	0
3074.946	10.2	0
3085.451	10.3	0
3095.925	10.3	0
3106.367	10.4	0
3116.779	10.4	0
3127.159	10.5	0
3137.509	10.5	0
3147.829	10.6	0
3158.118	10.6	0
3168.377	10.7	0
3178.605	10.7	0
3188.804	10.7	0
3198.973	10.8	0
3209.112	10.8	0
3219.222	10.9	0
3229.302	10.9	0
3239.353	11	0
3249.374	11	0
3259.367	11.1	0
3269.330	11.1	0
3279.266	11.2	0
3289.171	11.2	0
3299.049	11.2	0
3308.898	11.3	0
3318.720	11.3	0
3328.512	11.4	0
3338.277	11.4	0
3348.014	11.5	0
3357.723	11.5	0
3367.404	11.6	0
3377.058	11.6	0
3386.684	11.6	0
3396.283	11.7	0
3405.855	11.7	0
3415.400	11.8	0
3424.917	11.8	0
3434.409	11.9	0
3443.872	11.9	0
3453.310	12	0
3462.721	12	0
3472.106	12	0
3481.464	12.1	0
3490.796	12.1	0
3500.102	12.2	0
3509.382	12.2	0
3518.636	12.3	0
3527.864	12.3	0
3537.067	12.4	0
3546.244	12.4	0
3555.396	12.4	0
3564.523	12.5	0
3573.623	12.5	0
3582.700	12.6	0
3591.751	12.6	0
3600.777	12.7	0
3609.778	12.7	0
3618.754	12.8	0
3627.706	12.8	0
3636.633	12.8	0
3645.536	12.9	0
3654.415	12.9	0
3663.269	13	0
3672.099	13	0
3680.905	13.1	0
3689.687	13.1	0
3698.446	13.1	0
3707.180	13.2	0
3715.891	13.2	0
3724.578	13.3	0
3733.241	13.3	0
3741.882	13.4	0
3750.499	13.4	0
3759.092	13.5	0
3767.663	13.5	0
3776.210	13.5	0
3784.735	13.6	0
3793.236	13.6	0
3801.715	13.7	0
3810.171	13.7	0
3818.604	13.8	0
3827.016	13.8	0
3835.404	13.8	0
3843.770	13.9	0
3852.114	13.9	0
3860.435	14	0
3868.734	14	0
3877.012	14.1	0
3885.268	14.1	0
3893.501	14.1	0
3901.712	14.2	0
3909.902	14.2	0
3918.071	14.3	0
3926.217	14.3	0
3934.342	14.4	0
3942.447	14.4	0
3950.529	14.4	0
3958.590	14.5	0
3966.630	14.5	0
3974.649	14.6	0
3982.646	14.6	0
3990.623	14.7	0
3998.579	14.7	0
4006.514	14.7	0
4014.429	14.8	0
4022.322	14.8	0
4030.195	14.9	0
4038.048	14.9	0
4045.880	15	0
4053.691	15	0
4061.483	15	0
4069.254	15.1	0
4077.005	15.1	0
4084.735	15.2	0
4092.446	15.2	0
4100.137	15.2	0
4107.807	15.3	0
4115.459	15.3	0
4123.089	15.4	0
4130.701	15.4	0
4138.292	15.5	0
4145.865	15.5	0
4153.417	15.5	0
4160.951	15.6	0
4168.464	15.6	0
4175.959	15.7	0
4183.434	15.7	0
4190.890	15.7	0
4198.327	15.8	0
4205.744	15.8	0
4213.143	15.9	0
4220.523	15.9	0
4227.883	16	0
4235.225	16	0
4242.549	16	0
4249.853	16.1	0
4257.139	16.1	0
4264.406	16.2	0
4271.655	16.2	0
4278.885	16.2	0
4286.097	16.3	0
4293.290	16.3	0
4300.465	16.4	0
4307.622	16.4	0
4314.760	16.5	0
4321.881	16.5	0
4328.983	16.5	0
4336.067	16.6	0
4343.134	16.6	0
4350.182	16.7	0
4357.213	16.7	0
4364.226	16.7	0
4371.221	16.8	0
4378.198	16.8	0
4385.157	16.9	0
4392.099	16.9	0
4399.024	16.9	0
4405.931	17	0
4412.820	17	0
4419.692	17.1	0
4426.547	17.1	0
4433.384	17.1	0
4440.205	17.2	0
4447.008	17.2	0
4453.794	17.3	0
4460.562	17.3	0
4467.314	17.3	0
4474.049	17.4	0
4480.767	17.4	0
4487.467	17.5	0
4494.151	17.5	0
