0.000	0	0
16.574	0.1	0
37.223	0.1	0
57.665	0.2	0
78.026	0.2	0
98.347	0.3	0
118.539	0.3	0
138.699	0.4	0
158.771	0.4	0
178.771	0.5	0
198.723	0.5	0
218.573	0.6	0
238.372	0.6	0
258.106	0.7	0
277.758	0.8	0
297.354	0.8	0
316.880	0.9	0
336.333	0.9	0
355.729	1	0
375.054	1	0
394.310	1.1	0
413.508	1.1	0
432.637	1.2	0
451.698	1.2	0
470.701	1.3	0
489.640	1.3	0
508.509	1.4	0
527.320	1.4	0
546.072	1.5	0
564.753	1.6	0
583.375	1.6	0
601.938	1.7	0
620.439	1.7	0
638.875	1.8	0
657.254	1.8	0
675.574	1.9	0
693.831	1.9	0
712.028	2	0
730.167	2	0
748.250	2.1	0
766.270	2.1	0
784.231	2.2	0
802.137	2.2	0
819.986	2.3	0
837.776	2.3	0
855.507	2.4	0
873.183	2.4	0
890.803	2.5	0
908.368	2.5	0
925.875	2.6	0
943.326	2.6	0
960.722	2.7	0
978.064	2.7	0
995.353	2.8	0
1012.586	2.9	0
1029.763	2.9	0
1046.887	3	0
1063.958	3	0
1080.977	3.1	0
1097.943	3.1	0
1114.856	3.2	0
1131.714	3.2	0
1148.521	3.3	0
1165.277	3.3	0
1181.981	3.4	0
1198.634	3.4	0
1215.237	3.5	0
1231.789	3.5	0
1248.288	3.6	0
1264.737	3.6	0
1281.137	3.7	0
1297.487	3.7	0
1313.787	3.8	0
1330.038	3.8	0
1346.241	3.9	0
1362.394	3.9	0
1378.500	4	0
1394.557	4	0
1410.564	4.1	0
1426.524	4.1	0
1442.437	4.2	0
1458.302	4.2	0
1474.120	4.3	0
1489.891	4.3	0
1505.615	4.4	0
1521.294	4.4	0
1536.925	4.5	0
1552.511	4.5	0
1568.051	4.6	0
1583.546	4.6	0
1598.995	4.7	0
1614.399	4.7	0
1629.758	4.8	0
1645.072	4.8	0
1660.342	4.9	0
1675.567	4.9	0
1690.749	5	0
1705.886	5	0
1720.980	5.1	0
1736.031	5.1	0
1751.038	5.2	0
1766.002	5.2	0
1780.923	5.3	0
1795.801	5.3	0
1810.637	5.4	0
1825.431	5.4	0
1840.182	5.5	0
1854.892	5.5	0
1869.560	5.6	0
1884.187	5.6	0
1898.772	5.7	0
1913.317	5.7	0
1927.820	5.8	0
1942.283	5.8	0
1956.705	5.9	0
1971.086	5.9	0
1985.428	6	0
1999.729	6	0
2013.990	6.1	0
2028.212	6.1	0
2042.394	6.2	0
2056.537	6.2	0
2070.641	6.3	0
2084.706	6.3	0
2098.732	6.4	0
2112.719	6.4	0
2126.669	6.5	0
2140.580	6.5	0
2154.452	6.6	0
2168.286	6.6	0
2182.083	6.7	0
2195.842	6.7	0
2209.563	6.8	0
2223.248	6.8	0
2236.896	6.9	0
2250.506	6.9	0
2264.079	7	0
2277.615	7	0
2291.115	7.1	0
2304.579	7.1	0
2318.007	7.2	0
2331.399	7.2	0
2344.754	7.2	0
2358.074	7.3	0
2371.358	7.3	0
2384.607	7.4	0
2397.821	7.4	0
2410.999	7.5	0
2424.142	7.5	0
2437.250	7.6	0
2450.324	7.6	0
2463.364	7.7	0
2476.368	7.7	0
2489.338	7.8	0
2502.274	7.8	0
2515.176	7.9	0
2528.045	7.9	0
2540.879	8	0
2553.679	8	0
2566.447	8.1	0
2579.181	8.1	0
2591.882	8.2	0
2604.549	8.2	0
2617.184	8.3	0
2629.786	8.3	0
2642.355	8.3	0
2654.891	8.4	0
2667.395	8.4	0
2679.868	8.5	0
2692.307	8.5	0
2704.714	8.6	0
2717.090	8.6	0
2729.435	8.7	0
2741.746	8.7	0
2754.027	8.8	0
2766.276	8.8	0
2778.494	8.9	0
2790.680	8.9	0
2802.836	9	0
2814.961	9	0
2827.054	9.1	0
2839.117	9.1	0
2851.150	9.2	0
2863.152	9.2	0
2875.123	9.2	0
2887.064	9.3	0
2898.976	9.3	0
2910.856	9.4	0
2922.708	9.4	0
2934.529	9.5	0
2946.320	9.5	0
2958.082	9.6	0
2969.815	9.6	0
2981.518	9.7	0
2993.192	9.7	0
3004.837	9.8	0
3016.452	9.8	0
3028.039	9.9	0
3039.597	9.9	0
3051.126	9.9	0
3062.627	10	0
3074.098	10	0
3085.542	10.1	0
3096.957	10.1	0
3108.344	10.2	0
3119.703	10.2	0
3131.033	10.3	0
3142.336	10.3	0
3153.612	10.4	0
3164.859	10.4	0
3176.079	10.5	0
3187.271	10.5	0
3198.435	10.5	0
3209.573	10.6	0
3220.683	10.6	0
3231.766	10.7	0
3242.822	10.7	0
3253.851	10.8	0
3264.853	10.8	0
3275.828	10.9	0
3286.777	10.9	0
3297.699	11	0
3308.595	11	0
3319.463	11	0
3330.307	11.1	0
3341.123	11.1	0
3351.913	11.2	0
3362.678	11.2	0
3373.416	11.3	0
3384.129	11.3	0
3394.816	11.4	0
3405.477	11.4	0
3416.112	11.5	0
3426.722	11.5	0
3437.306	11.5	0
3447.866	11.6	0
3458.399	11.6	0
3468.908	11.7	0
3479.392	11.7	0
3489.850	11.8	0
3500.284	11.8	0
3510.692	11.9	0
3521.076	11.9	0
3531.435	12	0
3541.770	12	0
3552.080	12	0
3562.365	12.1	0
3572.627	12.1	0
3582.863	12.2	0
3593.076	12.2	0
3603.264	12.3	0
3613.429	12.3	0
3623.569	12.4	0
3633.686	12.4	0
3643.778	12.4	0
3653.847	12.5	0
3663.892	12.5	0
3673.913	12.6	0
3683.911	12.6	0
3693.886	12.7	0
3703.837	12.7	0
3713.764	12.8	0
3723.669	12.8	0
3733.550	12.8	0
3743.408	12.9	0
3753.243	12.9	0
3763.055	13	0
3772.844	13	0
3782.611	13.1	0
3792.355	13.1	0
3802.075	13.2	0
3811.773	13.2	0
3821.449	13.2	0
3831.102	13.3	0
3840.733	13.3	0
3850.341	13.4	0
3859.927	13.4	0
3869.491	13.5	0
3879.033	13.5	0
3888.552	13.6	0
3898.050	13.6	0
3907.525	13.6	0
3916.979	13.7	0
3926.411	13.7	0
3935.821	13.8	0
3945.209	13.8	0
3954.576	13.9	0
3963.921	13.9	0
3973.244	13.9	0
3982.547	14	0
3991.827	14	0
4001.087	14.1	0
4010.325	14.1	0
4019.542	14.2	0
4028.737	14.2	0
4037.912	14.2	0
4047.066	14.3	0
4056.198	14.3	0
4065.310	14.4	0
4074.401	14.4	0
4083.471	14.5	0
4092.520	14.5	0
4101.549	14.6	0
4110.556	14.6	0
4119.544	14.6	0
4128.511	14.7	0
4137.457	14.7	0
4146.383	14.8	0
4155.289	14.8	0
4164.174	14.9	0
4173.039	14.9	0
4181.884	14.9	0
4190.709	15	0
4199.514	15	0
4208.299	15.1	0
4217.063	15.1	0
4225.808	15.2	0
4234.533	15.2	0
4243.239	15.2	0
4251.924	15.3	0
4260.590	15.3	0
4269.236	15.4	0
4277.862	15.4	0
4286.469	15.5	0
4295.057	15.5	0
4303.625	15.5	0
4312.173	15.6	0
4320.702	15.6	0
4329.213	15.7	0
4337.704	15.7	0
4346.175	15.8	0
4354.627	15.8	0
4363.061	15.8	0
4371.475	15.9	0
4379.870	15.9	0
4388.247	16	0
4396.604	16	0
4404.943	16.1	0
4413.262	16.1	0
4421.563	16.1	0
4429.846	16.2	0
4438.110	16.2	0
4446.355	16.3	0
4454.581	16.3	0
4462.789	16.3	0
4470.978	16.4	0
4479.150	16.4	0
4487.302	16.5	0
4495.436	16.5	0
