0.000	0	21
13.832	0	21
31.106	0.1	21
48.300	0.1	21
65.416	0.2	21
82.457	0.2	21
99.422	0.3	21
116.314	0.3	21
133.132	0.4	21
149.876	0.4	21
166.549	0.5	20
183.149	0.5	20
199.678	0.6	20
216.137	0.6	20
232.525	0.7	20
248.844	0.7	20
265.092	0.8	20
281.265	0.8	20
297.370	0.9	20
313.409	0.9	20
329.381	1	20
345.287	1	19
361.128	1.1	19
376.904	1.1	19
392.612	1.2	19
408.251	1.2	19
423.827	1.3	19
439.341	1.3	19
454.791	1.4	19
470.180	1.4	19
485.506	1.5	19
500.765	1.5	19
515.963	1.6	19
531.102	1.6	18
546.181	1.7	18
561.200	1.7	18
576.154	1.8	18
591.049	1.8	18
605.888	1.9	18
620.668	1.9	18
635.389	1.9	18
650.049	2	18
664.653	2	18
679.202	2.1	18
693.694	2.1	18
708.125	2.2	18
722.503	2.2	18
736.827	2.3	17
751.094	2.3	17
765.304	2.4	17
779.461	2.4	17
793.566	2.5	17
807.614	2.5	17
821.608	2.6	17
835.552	2.6	17
849.442	2.6	17
863.277	2.7	17
877.063	2.7	17
890.797	2.8	17
904.477	2.8	17
918.108	2.9	17
931.689	2.9	17
945.216	3	16
958.695	3	16
972.126	3.1	16
985.504	3.1	16
998.835	3.2	16
1012.118	3.2	16
1025.349	3.3	16
1038.535	3.3	16
1051.672	3.3	16
1064.760	3.4	16
1077.804	3.4	16
1090.797	3.5	16
1103.745	3.5	16
1116.647	3.6	16
1129.501	3.6	16
1142.312	3.7	16
1155.074	3.7	16
1167.793	3.8	15
1180.466	3.8	15
1193.094	3.9	15
1205.679	3.9	15
1218.217	3.9	15
1230.714	4	15
1243.165	4	15
1255.574	4.1	15
1267.939	4.1	15
1280.260	4.2	15
1292.540	4.2	15
1304.776	4.3	15
1316.972	4.3	15
1329.124	4.4	15
1341.236	4.4	15
1353.304	4.4	15
1365.334	4.5	15
1377.319	4.5	15
1389.267	4.6	15
1401.171	4.6	15
1413.038	4.7	14
1424.862	4.7	14
1436.649	4.8	14
1448.394	4.8	14
1460.102	4.8	14
1471.768	4.9	14
1483.397	4.9	14
1494.986	5	14
1506.537	5	14
1518.050	5.1	14
1529.524	5.1	14
1540.961	5.2	14
1552.360	5.2	14
1563.722	5.3	14
1575.046	5.3	14
1586.334	5.3	14
1597.583	5.4	14
1608.798	5.4	14
1619.974	5.5	14
1631.116	5.5	14
1642.221	5.6	14
1653.289	5.6	14
1664.323	5.6	14
1675.320	5.7	13
1686.283	5.7	13
1697.211	5.8	13
1708.102	5.8	13
1718.961	5.9	13
1729.783	5.9	13
1740.572	6	13
1751.327	6	13
1762.047	6	13
1772.734	6.1	13
1783.386	6.1	13
1794.005	6.2	13
1804.592	6.2	13
1815.144	6.3	13
1825.664	6.3	13
1836.152	6.3	13
1846.605	6.4	13
1857.027	6.4	13
1867.417	6.5	13
1877.774	6.5	13
1888.099	6.6	13
1898.393	6.6	13
1908.654	6.7	13
1918.884	6.7	13
1929.084	6.7	13
1939.251	6.8	13
1949.387	6.8	13
1959.493	6.9	13
1969.568	6.9	12
1979.612	7	12
1989.626	7	12
1999.610	7	12
2009.562	7.1	12
2019.485	7.1	12
2029.379	7.2	12
2039.243	7.2	12
2049.076	7.3	12
2058.881	7.3	12
2068.656	7.3	12
2078.402	7.4	12
2088.119	7.4	12
2097.807	7.5	12
2107.467	7.5	12
2117.097	7.6	12
2126.699	7.6	12
2136.273	7.6	12
2145.819	7.7	12
2155.337	7.7	12
2164.826	7.8	12
2174.287	7.8	12
2183.721	7.8	12
2193.128	7.9	12
2202.507	7.9	12
2211.858	8	12
2221.182	8	12
2230.480	8.1	12
2239.750	8.1	12
2248.994	8.1	12
2258.210	8.2	12
2267.400	8.2	12
2276.564	8.3	12
2285.701	8.3	11
2294.812	8.4	11
2303.897	8.4	11
2312.955	8.4	11
2321.988	8.5	11
2330.995	8.5	11
2339.977	8.6	11
2348.933	8.6	11
2357.863	8.6	11
2366.768	8.7	11
2375.648	8.7	11
2384.503	8.8	11
2393.332	8.8	11
2402.137	8.8	11
2410.918	8.9	11
2419.673	8.9	11
2428.403	9	11
2437.109	9	11
2445.791	9.1	11
2454.448	9.1	11
2463.082	9.1	11
2471.691	9.2	11
2480.276	9.2	11
2488.838	9.3	11
2497.376	9.3	11
2505.889	9.3	11
2514.379	9.4	11
2522.846	9.4	11
2531.290	9.5	11
2539.710	9.5	11
2548.107	9.5	11
2556.480	9.6	11
2564.831	9.6	11
2573.159	9.7	11
2581.464	9.7	11
2589.747	9.7	11
2598.007	9.8	11
2606.244	9.8	11
2614.458	9.9	11
2622.651	9.9	11
2630.821	10	11
2638.968	10	10
2647.094	10	10
2655.198	10.1	10
2663.279	10.1	10
2671.339	10.2	10
2679.377	10.2	10
2687.394	10.2	10
2695.389	10.3	10
2703.362	10.3	10
2711.314	10.4	10
2719.245	10.4	10
2727.154	10.4	10
2735.042	10.5	10
2742.909	10.5	10
2750.755	10.6	10
2758.580	10.6	10
2766.384	10.6	10
2774.168	10.7	10
2781.931	10.7	10
2789.673	10.8	10
2797.394	10.8	10
2805.095	10.8	10
2812.776	10.9	10
2820.436	10.9	10
2828.076	11	10
2835.696	11	10
2843.296	11	10
2850.876	11.1	10
2858.436	11.1	10
2865.976	11.2	10
2873.496	11.2	10
2880.997	11.2	10
2888.478	11.3	10
2895.939	11.3	10
2903.380	11.3	10
2910.802	11.4	10
2918.205	11.4	10
2925.589	11.5	10
2932.953	11.5	10
2940.298	11.5	10
2947.624	11.6	10
2954.931	11.6	10
2962.219	11.7	10
2969.488	11.7	10
2976.739	11.7	10
2983.970	11.8	10
2991.183	11.8	10
2998.377	11.9	10
3005.552	11.9	10
3012.709	11.9	10
3019.848	12	10
3026.968	12	10
3034.070	12.1	10
3041.154	12.1	10
3048.219	12.1	9
3055.267	12.2	9
3062.296	12.2	9
3069.307	12.2	9
3076.300	12.3	9
3083.275	12.3	9
3090.233	12.4	9
3097.173	12.4	9
3104.095	12.4	9
3110.999	12.5	9
3117.885	12.5	9
3124.755	12.6	9
3131.606	12.6	9
3138.441	12.6	9
3145.258	12.7	9
3152.057	12.7	9
3158.840	12.7	9
3165.605	12.8	9
3172.353	12.8	9
3179.084	12.9	9
3185.798	12.9	9
3192.494	12.9	9
3199.174	13	9
3205.837	13	9
3212.484	13.1	9
3219.113	13.1	9
3225.726	13.1	9
3232.322	13.2	9
3238.901	13.2	9
3245.464	13.2	9
3252.011	13.3	9
3258.541	13.3	9
3265.054	13.4	9
3271.552	13.4	9
3278.033	13.4	9
3284.498	13.5	9
3290.946	13.5	9
3297.378	13.5	9
3303.794	13.6	9
3310.195	13.6	9
3316.579	13.7	9
3322.947	13.7	9
3329.299	13.7	9
3335.636	13.8	9
3341.957	13.8	9
3348.261	13.8	9
3354.550	13.9	9
3360.824	13.9	9
3367.082	14	9
3373.324	14	9
3379.551	14	9
3385.762	14.1	9
3391.958	14.1	9
3398.138	14.1	9
3404.304	14.2	9
3410.453	14.2	9
3416.588	14.3	9
3422.707	14.3	9
3428.811	14.3	9
3434.901	14.4	9
3440.974	14.4	9
3447.033	14.4	9
3453.077	14.5	9
3459.106	14.5	9
3465.120	14.6	9
3471.119	14.6	9
3477.104	14.6	9
3483.073	14.7	9
3489.027	14.7	9
3494.968	14.7	9
3500.893	14.8	9
3506.804	14.8	9
3512.700	14.9	9
3518.582	14.9	9
3524.449	14.9	9
3530.301	15	9
3536.140	15	9
3541.963	15	9
3547.773	15.1	9
3553.568	15.1	9
3559.349	15.1	8
3565.116	15.2	8
3570.868	15.2	8
3576.606	15.3	8
3582.331	15.3	8
3588.041	15.3	8
3593.737	15.4	8
3599.419	15.4	8
3605.087	15.4	8
3610.741	15.5	8
3616.382	15.5	8
3622.008	15.5	8
3627.621	15.6	8
3633.220	15.6	8
3638.805	15.7	8
3644.376	15.7	8
3649.934	15.7	8
3655.478	15.8	8
3661.008	15.8	8
3666.525	15.8	8
3672.028	15.9	8
3677.518	15.9	8
3682.995	15.9	8
3688.458	16	8
3693.907	16	8
3699.343	16.1	8
3704.766	16.1	8
3710.176	16.1	8
3715.572	16.2	8
3720.955	16.2	8
3726.325	16.2	8
3731.682	16.3	8
3737.025	16.3	8
3742.355	16.3	8
3747.673	16.4	8
3752.977	16.4	8
3758.268	16.5	8
3763.547	16.5	8
3768.812	16.5	8
3774.064	16.6	8
3779.304	16.6	8
3784.531	16.6	8
3789.745	16.7	8
3794.946	16.7	8
3800.134	16.7	8
3805.310	16.8	8
3810.473	16.8	8
3815.623	16.8	8
3820.760	16.9	8
3825.885	16.9	8
3830.998	17	8
3836.097	17	8
3841.185	17	8
3846.260	17.1	8
3851.322	17.1	8
3856.372	17.1	8
3861.409	17.2	8
3866.435	17.2	8
3871.447	17.2	8
3876.448	17.3	8
3881.436	17.3	8
3886.412	17.3	8
3891.375	17.4	8
3896.327	17.4	8
3901.266	17.4	8
3906.193	17.5	8
3911.108	17.5	8
3916.011	17.6	8
3920.902	17.6	8
3925.781	17.6	8
3930.647	17.7	8
3935.502	17.7	8
3940.345	17.7	8
3945.176	17.8	8
3949.994	17.8	8
3954.801	17.8	8
3959.596	17.9	8
3964.380	17.9	8
3969.151	17.9	8
3973.911	18	8
3978.658	18	8
3983.395	18.1	8
3988.119	18.1	8
3992.832	18.1	8
3997.533	18.2	8
4002.222	18.2	8
4006.900	18.2	8
4011.566	18.3	8
4016.221	18.3	8
4020.864	18.3	8
4025.495	18.4	8
4030.115	18.4	8
4034.724	18.4	8
4039.321	18.5	8
4043.907	18.5	8
4048.481	18.5	8
4053.044	18.6	8
4057.595	18.6	8
4062.136	18.6	8
4066.665	18.7	8
4071.182	18.7	8
4075.689	18.7	8
4080.184	18.8	8
4084.668	18.8	8
4089.140	18.8	8
4093.602	18.9	8
4098.052	18.9	8
4102.491	18.9	8
4106.919	19	8
4111.336	19	8
4115.742	19.1	8
4120.137	19.1	8
4124.521	19.1	8
4128.893	19.2	8
4133.255	19.2	8
4137.606	19.2	8
4141.946	19.3	8
4146.275	19.3	8
4150.593	19.3	8
4154.900	19.4	8
4159.197	19.4	8
4163.482	19.4	8
4167.757	19.5	8
4172.021	19.5	8
4176.274	19.5	8
4180.516	19.6	8
4184.748	19.6	8
4188.969	19.6	8
4193.179	19.7	8
4197.378	19.7	8
4201.567	19.7	8
4205.745	19.8	8
4209.913	19.8	8
4214.070	19.8	8
4218.216	19.9	8
4222.352	19.9	8
4226.477	19.9	8
4230.592	20	8
4234.697	20	8
4238.790	20	8
4242.873	20.1	8
4246.946	20.1	8
4251.009	20.1	8
4255.061	20.2	8
4259.102	20.2	8
4263.133	20.2	8
4267.154	20.3	8
4271.165	20.3	8
4275.165	20.3	8
4279.155	20.4	8
4283.134	20.4	8
4287.103	20.4	8
4291.062	20.5	8
4295.011	20.5	8
4298.950	20.5	8
4302.878	20.6	8
4306.796	20.6	8
4310.704	20.6	8
4314.602	20.7	7
4318.489	20.7	7
4322.367	20.7	7
4326.234	20.8	7
4330.092	20.8	7
4333.939	20.8	7
4337.776	20.9	7
4341.603	20.9	7
4345.421	20.9	7
4349.228	21	7
4353.025	21	7
4356.812	21	7
4360.589	21.1	7
4364.357	21.1	7
4368.114	21.1	7
4371.861	21.2	7
4375.599	21.2	7
4379.327	21.2	7
4383.044	21.3	7
4386.752	21.3	7
4390.451	21.3	7
4394.139	21.4	7
4397.817	21.4	7
4401.486	21.4	7
4405.145	21.5	7
4408.794	21.5	7
4412.433	21.5	7
4416.063	21.6	7
4419.683	21.6	7
4423.293	21.6	7
4426.894	21.7	7
4430.485	21.7	7
4434.066	21.7	7
4437.638	21.8	7
4441.200	21.8	7
4444.752	21.8	7
4448.295	21.9	7
4451.828	21.9	7
4455.352	21.9	7
4458.866	22	7
4462.370	22	7
4465.866	22	7
4469.351	22	7
4472.827	22.1	7
4476.293	22.1	7
4479.751	22.1	7
4483.198	22.2	7
4486.636	22.2	7
4490.065	22.2	7
4493.484	22.3	7
4496.894	22.3	7
