0.000	0	69
27.276	0.1	69
59.231	0.1	68
90.877	0.2	67
122.237	0.3	66
153.251	0.3	66
184.005	0.4	65
214.506	0.5	65
244.722	0.5	64
274.668	0.6	63
304.372	0.7	63
333.806	0.7	62
362.990	0.8	62
391.940	0.9	61
420.625	0.9	61
449.086	1	60
477.302	1.1	60
505.290	1.1	59
533.049	1.2	59
560.580	1.3	58
587.892	1.3	58
614.983	1.4	57
641.859	1.5	57
668.523	1.5	56
694.976	1.6	56
721.227	1.7	55
747.268	1.7	55
773.116	1.8	54
798.759	1.8	54
824.211	1.9	54
849.474	2	53
874.540	2	53
899.425	2.1	52
924.127	2.2	52
948.641	2.2	52
972.980	2.3	51
997.145	2.3	51
1021.129	2.4	50
1044.943	2.5	50
1068.590	2.5	50
1092.070	2.6	49
1115.380	2.7	49
1138.528	2.7	49
1161.516	2.8	48
1184.347	2.8	48
1207.019	2.9	48
1229.535	3	47
1251.897	3	47
1274.110	3.1	47
1296.173	3.1	46
1318.090	3.2	46
1339.861	3.3	46
1361.488	3.3	45
1382.972	3.4	45
1404.316	3.5	45
1425.521	3.5	44
1446.589	3.6	44
1467.521	3.6	44
1488.321	3.7	44
1508.988	3.8	43
1529.524	3.8	43
1549.931	3.9	43
1570.211	3.9	43
1590.365	4	42
1610.394	4.1	42
1630.299	4.1	42
1650.083	4.2	42
1669.747	4.2	41
1689.292	4.3	41
1708.718	4.3	41
1728.027	4.4	41
1747.221	4.5	40
1766.301	4.5	40
1785.269	4.6	40
1804.125	4.6	40
1822.871	4.7	39
1841.509	4.8	39
1860.038	4.8	39
1878.459	4.9	39
1896.775	4.9	39
1914.988	5	38
1933.097	5.1	38
1951.103	5.1	38
1969.007	5.2	38
1986.811	5.2	37
2004.517	5.3	37
2022.125	5.3	37
2039.634	5.4	37
2057.048	5.5	37
2074.367	5.5	36
2091.591	5.6	36
2108.721	5.6	36
2125.759	5.7	36
2142.707	5.7	36
2159.562	5.8	36
2176.329	5.9	35
2193.007	5.9	35
2209.595	6	35
2226.098	6	35
2242.514	6.1	35
2258.844	6.1	34
2275.091	6.2	34
2291.252	6.2	34
2307.331	6.3	34
2323.328	6.4	34
2339.243	6.4	34
2355.078	6.5	34
2370.831	6.5	33
2386.507	6.6	33
2402.102	6.6	33
2417.621	6.7	33
2433.062	6.7	33
2448.427	6.8	33
2463.716	6.9	32
2478.930	6.9	32
2494.069	7	32
2509.135	7	32
2524.128	7.1	32
2539.049	7.1	32
2553.896	7.2	32
2568.674	7.2	31
2583.380	7.3	31
2598.017	7.3	31
2612.584	7.4	31
2627.082	7.5	31
2641.513	7.5	31
2655.875	7.6	31
2670.171	7.6	31
2684.400	7.7	30
2698.563	7.7	30
2712.661	7.8	30
2726.693	7.8	30
2740.662	7.9	30
2754.567	7.9	30
2768.409	8	30
2782.188	8	30
2795.905	8.1	29
2809.559	8.2	29
2823.153	8.2	29
2836.687	8.3	29
2850.159	8.3	29
2863.572	8.4	29
2876.927	8.4	29
2890.221	8.5	29
2903.458	8.5	28
2916.637	8.6	28
2929.758	8.6	28
2942.822	8.7	28
2955.830	8.7	28
2968.781	8.8	28
2981.678	8.8	28
2994.518	8.9	28
3007.304	8.9	28
3020.035	9	28
3032.713	9	27
3045.337	9.1	27
3057.907	9.2	27
3070.425	9.2	27
3082.890	9.3	27
3095.303	9.3	27
3107.665	9.4	27
3119.976	9.4	27
3132.235	9.5	27
3144.444	9.5	27
3156.603	9.6	26
3168.712	9.6	26
3180.772	9.7	26
3192.782	9.7	26
3204.744	9.8	26
3216.658	9.8	26
3228.523	9.9	26
3240.340	9.9	26
3252.111	10	26
3263.834	10	26
3275.510	10.1	26
3287.141	10.1	25
3298.725	10.2	25
3310.263	10.2	25
3321.756	10.3	25
3333.204	10.3	25
3344.607	10.4	25
3355.966	10.4	25
3367.280	10.5	25
3378.550	10.5	25
3389.777	10.6	25
3400.961	10.6	25
3412.101	10.7	25
3423.199	10.7	25
3434.254	10.8	24
3445.267	10.8	24
3456.238	10.9	24
3467.167	10.9	24
3478.056	11	24
3488.903	11	24
3499.709	11.1	24
3510.474	11.1	24
3521.200	11.2	24
3531.885	11.2	24
3542.531	11.3	24
3553.137	11.3	24
3563.703	11.4	24
3574.231	11.4	24
3584.720	11.5	23
3595.170	11.5	23
3605.582	11.6	23
3615.956	11.6	23
3626.292	11.7	23
3636.590	11.7	23
3646.851	11.8	23
3657.075	11.8	23
3667.262	11.9	23
3677.412	11.9	23
3687.526	12	23
3697.604	12	23
3707.645	12.1	23
3717.651	12.1	23
3727.621	12.1	23
3737.556	12.2	23
3747.455	12.2	22
3757.319	12.3	22
3767.149	12.3	22
3776.945	12.4	22
3786.705	12.4	22
3796.431	12.5	22
3806.124	12.5	22
3815.783	12.6	22
3825.408	12.6	22
3835.000	12.7	22
3844.559	12.7	22
3854.084	12.8	22
3863.577	12.8	22
3873.037	12.9	22
3882.465	12.9	22
3891.860	13	22
3901.224	13	22
3910.555	13.1	22
3919.855	13.1	21
3929.123	13.2	21
3938.360	13.2	21
3947.565	13.2	21
3956.739	13.3	21
3965.883	13.3	21
3974.996	13.4	21
3984.078	13.4	21
3993.130	13.5	21
4002.152	13.5	21
4011.143	13.6	21
4020.106	13.6	21
4029.037	13.7	21
4037.940	13.7	21
4046.813	13.8	21
4055.656	13.8	21
4064.471	13.9	21
4073.257	13.9	21
4082.014	13.9	21
4090.742	14	21
4099.442	14	21
4108.113	14.1	20
4116.756	14.1	20
4125.371	14.2	20
4133.958	14.2	20
4142.518	14.3	20
4151.049	14.3	20
4159.554	14.4	20
4168.030	14.4	20
4176.480	14.5	20
4184.902	14.5	20
4193.297	14.5	20
4201.666	14.6	20
4210.008	14.6	20
4218.324	14.7	20
4226.612	14.7	20
4234.875	14.8	20
4243.112	14.8	20
4251.322	14.9	20
4259.507	14.9	20
4267.665	15	20
4275.798	15	20
4283.905	15	20
4291.988	15.1	20
4300.044	15.1	20
4308.076	15.2	20
4316.082	15.2	19
4324.064	15.3	19
4332.020	15.3	19
4339.952	15.4	19
4347.859	15.4	19
4355.743	15.5	19
4363.601	15.5	19
4371.435	15.5	19
4379.245	15.6	19
4387.031	15.6	19
4394.793	15.7	19
4402.531	15.7	19
4410.246	15.8	19
4417.937	15.8	19
4425.604	15.9	19
4433.248	15.9	19
4440.869	15.9	19
4448.466	16	19
4456.041	16	19
4463.592	16.1	19
4471.121	16.1	19
4478.626	16.2	19
4486.109	16.2	19
4493.570	16.3	19
